0 0 0 1 0.695385 1 0.304615 0 0 1 0 2 0 3 0 4 0 5 0 6 0 7 0 8 0 9 0 10 0 11 0 12 0 13 0 14 0 15 0 16 0 17 0 18 0 19 0 
1 0 0 1 0.695385 1 0.304615 0 0 1 0.191637 2 0 3 0 4 0 5 0 6 0 7 0 8 0 9 0 10 0 11 0 12 0 13 0 14 0 15 0 16 0 17 0 18 0 19 0 
2 0 0 1 0.695385 1 0.304615 0 0 1 0.978278 2 0 3 0 4 0 5 0 6 0 7 0 8 0 9 0 10 0 11 0 12 0 13 0 14 0 15 0 16 0 17 0 18 0 19 0 
3 0 0 1 0.355502 1 0.304615 0 0 1 0.978278 2 0.101415 3 0 4 0 5 0 6 0 7 0 8 0 9 0 10 0 11 0 12 0 13 0 14 0 15 0 16 0 17 0 18 0 19 0 
4 0 0 1 0.355502 1 0.304615 0 0 1 0.978278 2 0.561031 3 0 4 0 5 0 6 0 7 0 8 0 9 0 10 0 11 0 12 0 13 0 14 0 15 0 16 0 17 0 18 0 19 0 
5 0 0 1 0.438755 1 0.304615 0 0 1 0.978278 2 0.561031 3 0.0864722 4 0 5 0 6 0 7 0 8 0 9 0 10 0 11 0 12 0 13 0 14 0 15 0 16 0 17 0 18 0 19 0 
6 0 0 1 0.438755 1 0.304615 0 0 1 0 2 0.561031 3 0.978278 4 0 5 0 6 0 7 0 8 0 9 0 10 0 11 0 12 0 13 0 14 0 15 0 16 0 17 0 18 0 19 0 
6 1 6 1 1e-10 1 0.347854 0 0 1 0 2 0 3 0 4 0 5 0 6 0 7 0 8 0 9 0 10 0 11 0 12 0 13 0 14 0 15 0 16 0 17 0 18 0 19 0 
7 0 0 1 0.359432 1 0.304615 0 0 1 0 2 0.978278 3 0.361281 4 0 5 0 6 0 7 0 8 0 9 0 10 0 11 0 12 0 13 0 14 0 15 0 16 0 17 0 18 0 19 0 
7 1 6 1 0.292513 1 0.347854 0 0 1 0 2 0 3 0 4 0 5 0 6 0 7 0 8 0 9 0 10 0 11 0 12 0 13 0 14 0 15 0 16 0 17 0 18 0 19 0 
8 0 0 1 0.355515 1 0.304615 0 0 1 0 2 0.978278 3 0.697265 4 0 5 0 6 0 7 0 8 0 9 0 10 0 11 0 12 0 13 0 14 0 15 0 16 0 17 0 18 0 19 0 
8 1 6 1 0.2966 1 0.347854 0 0 1 0 2 0 3 0 4 0 5 0 6 0 7 0 8 0 9 0 10 0 11 0 12 0 13 0 14 0 15 0 16 0 17 0 18 0 19 0 
9 0 0 1 0.304481 1 0.304615 0 0 1 0 2 0.697265 3 0.767246 4 0 5 0 6 0 7 0 8 0 9 0 10 0 11 0 12 0 13 0 14 0 15 0 16 0 17 0 18 0 19 0 
9 1 6 1 0.347511 1 0.347854 0 0 1 0 2 0 3 0.102933 4 0 5 0 6 0 7 0 8 0 9 0 10 0 11 0 12 0 13 0 14 0 15 0 16 0 17 0 18 0 19 0 
