0 1 0.695385
1 1 0.695385
2 2 0.327065 0.376499
3 2 0.327065 0.376499
4 3 0.423128 0.236297 0.0732444
5 3 0.423128 0.236297 0.0732444
6 3 0.327065 0.325081 0.0441992
7 3 0.327065 0.325081 0.0441992
8 3 0.292425 0.359721 0.0620124
9 3 0.197864 0.447582 0.0650884
10 3 0.197864 0.447582 0.0650884
11 3 0.197864 0.447582 0.0650884
12 3 0.197864 0.447582 0.0650884
13 1 0.845711
14 1 0.845711
15 1 0.845711
16 1 0.878758
17 1 0.878758
18 1 0.878758
19 2 0.499712 1.07086
20 3 0.499712 0.328791 0.141978
21 3 0.499712 0.328791 0.141978
22 2 0.183628 1.06084
23 2 0.422116 0.635854
24 3 0.516789 0.442179 0.0536622
25 3 0.516789 0.442179 0.0536622
26 3 0.703449 0.154375 0.149137
27 4 0.665484 0.161805 0.129012 0.0489189
28 4 0.665484 0.161805 0.129012 0.0489189
29 4 0.665484 0.161805 0.129012 0.0489189
30 3 0.422116 0.327816 0.122935
31 3 0.422116 0.327816 0.122935
32 3 0.422116 0.327816 0.122935
33 3 0.422116 0.327816 0.122935
34 3 0.422116 0.327816 0.122935
35 4 0.422116 0.297626 0.144983 0.0326777
36 4 0.422116 0.297626 0.144983 0.0326777
37 4 0.422116 0.297626 0.144983 0.0326777
38 4 0.422116 0.297626 0.144983 0.0326777
39 1 0.863893
40 1 0.863893
41 1 0.863893
42 1 0.863893
43 1 0.863893
44 1 0.863893
45 2 0.404324 0.462554
46 3 0.404324 0.249615 0.211317
47 1 0.895626
48 1 0.895626
49 1 0.895626
50 2 0.707671 0.226003
51 2 0.707671 0.226003
52 2 0.619015 0.631357
53 2 0.792222 0.299877
54 2 0.112919 0.851732
55 2 0.112919 0.851732
56 2 0.112919 0.851732
57 1 0.948094
58 1 0.948094
59 1 0.948094
60 1 0.948094
61 1 0.948094
62 2 0.167201 0.814838
63 3 0.584918 0.314597 0.318668
64 4 0.24432 0.323833 0.0588323 0.384575
64 3 0.584918 0.314597 0.318668
65 3 0.808991 0.14515 0.532234
66 3 0.167201 0.696087 0.088493
67 2 0.395412 0.570242
68 3 0.395412 0.381187 0.105654
69 1 0.930635
70 2 0.826479 0.16196
71 2 0.554946 0.381356
72 3 0.554946 0.0199609 0.361094
73 3 0.554946 0.0199609 0.361094
74 1 0.93921
75 1 0.93921
76 2 0.385153 0.65342
77 2 0.385153 0.65342
78 2 0.385153 0.65342
79 3 0.385153 0.15269 0.473347
80 3 0.385153 0.550259 0.00447918
80 1 0.93921
81 2 0.406897 0.595571
82 2 0.406897 0.595571
83 2 0.406897 0.595571
84 2 0.170932 1.51879
85 3 0.170932 0.605294 0.3222
86 4 0.170932 0.596659 0.334776 0.0120403
87 4 0.170932 0.558415 0.414873 0.119918
88 4 0.170932 0.558415 0.414873 0.119918
89 4 0.170932 0.558415 0.414873 0.119918
90 4 0.170932 0.558415 0.414873 0.119918
91 4 0.170932 0.558415 0.414873 0.119918
92 4 0.170932 0.558415 0.414873 0.119918
93 4 0.170932 0.407316 0.713578 0.353476
94 5 0.170932 0.407316 0.0751906 0.219228 0.564936
95 5 0.170932 0.407316 0.0751906 0.219228 0.564936
96 5 0.170932 0.407316 0.0751906 0.219228 0.564936
97 5 0.170932 0.407316 0.0751906 0.219228 0.564936
98 3 0.170932 0.762655 0.0111153
98 1 0.93921
99 1 0.93921
100 1 0.93921
101 1 0.93921
102 1 0.93921
103 1 0.93921
104 1 0.93921
105 1 0.93921
106 2 0.893664 0.110284
107 2 0.442623 0.731689
108 2 0.447556 0.641207
109 3 0.809294 0.169434 0.260713
110 3 0.447556 0.391593 0.130498
111 3 0.447556 0.391593 0.130498
112 3 0.447556 0.391593 0.130498
113 3 0.447556 0.391593 0.130498
114 3 0.447556 0.391593 0.130498
115 4 0.447556 0.114067 0.492442 0.32382
116 2 0.329787 0.674651
117 3 0.329787 0.340086 0.298165
118 3 0.329787 0.596143 0.0147012
