0 1
-0.695385 0 1 0

1 1
-0.695385 0 1 0

2 2
-0.163532 0.24828 -0.61179 -0.402962 0 0.680687
-0.163532 -0.24828 -0.61179 0.402962 0 -0.680687

3 2
-0.163532 0.24828 -0.61179 -0.402962 0 0.680687
-0.163532 -0.24828 -0.61179 0.402962 0 -0.680687

4 3
-0.179551 0.189397 -0.705262 0.38474 0.573378 0.139005 0.0308028 -0.0744722
-0.179551 -0.189397 -0.705262 -0.38474 0.573378 -0.139005 0.0308028 0.0744722
-0.0640265 0 0.637442 0 -0.716093 0 0.28439 0

5 3
-0.179551 0.189397 -0.705262 0.38474 0.573378 0.139005 0.0308028 -0.0744722
-0.179551 -0.189397 -0.705262 -0.38474 0.573378 -0.139005 0.0308028 0.0744722
-0.0640265 0 0.637442 0 -0.716093 0 0.28439 0

6 3
-0.644167 0 0.70006 0 0.713213 0 -0.0352432 0
-0.00398947 0.0722525 -0.303726 0.605983 0.16128 -0.649804 0.278663 0.120936
-0.00398947 -0.0722525 -0.303726 -0.605983 0.16128 0.649804 0.278663 -0.120936

7 3
-0.644167 0 0.70006 0 0.713213 0 -0.0352432 0
-0.00398947 0.0722525 -0.303726 0.605983 0.16128 -0.649804 0.278663 0.120936
-0.00398947 -0.0722525 -0.303726 -0.605983 0.16128 0.649804 0.278663 -0.120936

8 3
-0.647607 0 0.624535 0 0.780371 0 -0.031274 0
-0.00226944 0.0605616 0.663119 0.0253852 -0.652915 0.0850746 0.000286624 -0.355095
-0.00226944 -0.0605616 0.663119 -0.0253852 -0.652915 -0.0850746 0.000286624 0.355095

9 3
-0.640858 0 -0.398899 0 -0.916488 0 0.030499 0
-0.00229407 0.0545143 -0.385023 0.526074 0.282404 -0.586654 0.316841 0.225167
-0.00229407 -0.0545143 -0.385023 -0.526074 0.282404 0.586654 0.316841 -0.225167

10 3
-0.640858 0 -0.398899 0 -0.916488 0 0.030499 0
-0.00229407 0.0545143 -0.385023 0.526074 0.282404 -0.586654 0.316841 0.225167
-0.00229407 -0.0545143 -0.385023 -0.526074 0.282404 0.586654 0.316841 -0.225167

11 3
-0.640858 0 -0.398899 0 -0.916488 0 0.030499 0
-0.00229407 0.0545143 -0.385023 0.526074 0.282404 -0.586654 0.316841 0.225167
-0.00229407 -0.0545143 -0.385023 -0.526074 0.282404 0.586654 0.316841 -0.225167

12 3
-0.640858 0 -0.398899 0 -0.916488 0 0.030499 0
-0.00229407 0.0545143 -0.385023 0.526074 0.282404 -0.586654 0.316841 0.225167
-0.00229407 -0.0545143 -0.385023 -0.526074 0.282404 0.586654 0.316841 -0.225167

13 1
-0.845711 0 1 0

14 1
-0.845711 0 1 0

15 1
-0.845711 0 1 0

16 1
-0.878758 0 1 0

17 1
-0.878758 0 1 0

18 1
-0.878758 0 1 0

19 2
-0.360054 0 -0.78485 0 0.619686 0
-0.139658 0 0.440927 0 -0.897543 0

20 3
-0.823639 0 0.832306 0 0.553006 0 -0.038088 0
-0.00243159 0.0515311 -0.295269 -0.555879 0.376508 0.500571 -0.395516 0.234632
-0.00243159 -0.0515311 -0.295269 0.555879 0.376508 -0.500571 -0.395516 -0.234632

21 3
-0.823639 0 0.832306 0 0.553006 0 -0.038088 0
-0.00243159 0.0515311 -0.295269 -0.555879 0.376508 0.500571 -0.395516 0.234632
-0.00243159 -0.0515311 -0.295269 0.555879 0.376508 -0.500571 -0.395516 -0.234632

22 2
-0.0918142 0.213445 -0.397792 -0.171112 0 0.901378
-0.0918142 -0.213445 -0.397792 0.171112 0 -0.901378

23 2
-0.211058 0.194118 -0.463865 -0.504346 0 0.72833
-0.211058 -0.194118 -0.463865 0.504346 0 -0.72833

24 3
-0.266491 0 0.79151 0 -0.611014 0 0.0131946 0
-0.125149 0.0805547 0.268984 -0.544273 -0.535023 0.579245 0.0981863 0.000614151
-0.125149 -0.0805547 0.268984 0.544273 -0.535023 -0.579245 0.0981863 -0.000614151

25 3
-0.266491 0 0.79151 0 -0.611014 0 0.0131946 0
-0.125149 0.0805547 0.268984 -0.544273 -0.535023 0.579245 0.0981863 0.000614151
-0.125149 -0.0805547 0.268984 0.544273 -0.535023 -0.579245 0.0981863 -0.000614151

26 3
-0.649503 0 0.993199 0 -0.115785 0 -0.0122356 0
-0.0269728 0.118681 0.379655 0.262394 -0.396433 -0.595029 -0.381243 0.361173
-0.0269728 -0.118681 0.379655 -0.262394 -0.396433 0.595029 -0.381243 -0.361173

27 4
-0.583225 0 0.98985 0 -0.133885 0 -0.00897377 0 -0.0468147 0
-0.02872 0.106676 0.368962 0.31896 -0.453262 -0.549515 -0.294045 0.391697 0.0529511 -0.10966
-0.02872 -0.106676 0.368962 -0.31896 -0.453262 0.549515 -0.294045 -0.391697 0.0529511 0.10966
-0.0248184 0 -0.623901 0 0.205998 0 -0.295793 0 0.693411 0

28 4
-0.583225 0 0.98985 0 -0.133885 0 -0.00897377 0 -0.0468147 0
-0.02872 0.106676 0.368962 0.31896 -0.453262 -0.549515 -0.294045 0.391697 0.0529511 -0.10966
-0.02872 -0.106676 0.368962 -0.31896 -0.453262 0.549515 -0.294045 -0.391697 0.0529511 0.10966
-0.0248184 0 -0.623901 0 0.205998 0 -0.295793 0 0.693411 0

29 4
-0.583225 0 0.98985 0 -0.133885 0 -0.00897377 0 -0.0468147 0
-0.02872 0.106676 0.368962 0.31896 -0.453262 -0.549515 -0.294045 0.391697 0.0529511 -0.10966
-0.02872 -0.106676 0.368962 -0.31896 -0.453262 0.549515 -0.294045 -0.391697 0.0529511 0.10966
-0.0248184 0 -0.623901 0 0.205998 0 -0.295793 0 0.693411 0

30 3
-0.737959 0 0.77963 0 0.623138 0 -0.0622554 0
-0.00598653 0.0838227 -0.618564 -0.152742 0.627992 -0.0079812 -0.0759345 0.440278
-0.00598653 -0.0838227 -0.618564 0.152742 0.627992 0.0079812 -0.0759345 -0.440278

31 3
-0.737959 0 0.77963 0 0.623138 0 -0.0622554 0
-0.00598653 0.0838227 -0.618564 -0.152742 0.627992 -0.0079812 -0.0759345 0.440278
-0.00598653 -0.0838227 -0.618564 0.152742 0.627992 0.0079812 -0.0759345 -0.440278

32 3
-0.737959 0 0.77963 0 0.623138 0 -0.0622554 0
-0.00598653 0.0838227 -0.618564 -0.152742 0.627992 -0.0079812 -0.0759345 0.440278
-0.00598653 -0.0838227 -0.618564 0.152742 0.627992 0.0079812 -0.0759345 -0.440278

33 3
-0.737959 0 0.77963 0 0.623138 0 -0.0622554 0
-0.00598653 0.0838227 -0.618564 -0.152742 0.627992 -0.0079812 -0.0759345 0.440278
-0.00598653 -0.0838227 -0.618564 0.152742 0.627992 0.0079812 -0.0759345 -0.440278

34 3
-0.737959 0 0.77963 0 0.623138 0 -0.0622554 0
-0.00598653 0.0838227 -0.618564 -0.152742 0.627992 -0.0079812 -0.0759345 0.440278
-0.00598653 -0.0838227 -0.618564 0.152742 0.627992 0.0079812 -0.0759345 -0.440278

35 4
-0.69253 0 0.806499 0 0.584729 0 -0.0809331 0 -0.0331792 0
-0.00368456 0.0920933 0.474507 0.394458 -0.556271 -0.295536 0.28289 -0.369394 -0.0179336 0.0752737
-0.00368456 -0.0920933 0.474507 -0.394458 -0.556271 0.295536 0.28289 0.369394 -0.0179336 -0.0752737
-0.0198425 0 -0.143081 0 -0.518065 0 0.501127 0 0.678239 0

36 4
-0.69253 0 0.806499 0 0.584729 0 -0.0809331 0 -0.0331792 0
-0.00368456 0.0920933 0.474507 0.394458 -0.556271 -0.295536 0.28289 -0.369394 -0.0179336 0.0752737
-0.00368456 -0.0920933 0.474507 -0.394458 -0.556271 0.295536 0.28289 0.369394 -0.0179336 -0.0752737
-0.0198425 0 -0.143081 0 -0.518065 0 0.501127 0 0.678239 0

37 4
-0.69253 0 0.806499 0 0.584729 0 -0.0809331 0 -0.0331792 0
-0.00368456 0.0920933 0.474507 0.394458 -0.556271 -0.295536 0.28289 -0.369394 -0.0179336 0.0752737
-0.00368456 -0.0920933 0.474507 -0.394458 -0.556271 0.295536 0.28289 0.369394 -0.0179336 -0.0752737
-0.0198425 0 -0.143081 0 -0.518065 0 0.501127 0 0.678239 0

38 4
-0.69253 0 0.806499 0 0.584729 0 -0.0809331 0 -0.0331792 0
-0.00368456 0.0920933 0.474507 0.394458 -0.556271 -0.295536 0.28289 -0.369394 -0.0179336 0.0752737
-0.00368456 -0.0920933 0.474507 -0.394458 -0.556271 0.295536 0.28289 0.369394 -0.0179336 -0.0752737
-0.0198425 0 -0.143081 0 -0.518065 0 0.501127 0 0.678239 0

39 1
-0.863893 0 1 0

40 1
-0.863893 0 1 0

41 1
-0.863893 0 1 0

42 1
-0.863893 0 1 0

43 1
-0.863893 0 1 0

44 1
-0.863893 0 1 0

45 2
-0.202162 0.312397 -0.615911 -0.398575 0 0.679552
-0.202162 -0.312397 -0.615911 0.398575 0 -0.679552

46 3
-0.592146 0 -0.790131 0 -0.575799 0 0.210114 0
-0.0308968 0.160345 -0.598781 0.0394587 0.423006 -0.355144 0.146613 0.559775
-0.0308968 -0.160345 -0.598781 -0.0394587 0.423006 0.355144 0.146613 -0.559775

47 1
-0.895626 0 1 0

48 1
-0.895626 0 1 0

49 1
-0.895626 0 1 0

50 2
-0.559349 0 -0.96968 0 0.244378 0
-0.148321 0 0.72485 0 -0.688907 0

51 2
-0.559349 0 -0.96968 0 0.244378 0
-0.148321 0 0.72485 0 -0.688907 0

52 2
-0.508332 0 -0.925863 0 0.37786 0
-0.110683 0 0.470714 0 -0.882286 0

53 2
-0.764511 0 -0.994894 0 0.100923 0
-0.0277113 0 0.336485 0 -0.941689 0

54 2
-0.0564593 0.240265 -0.377297 -0.0886603 0 0.921838
-0.0564593 -0.240265 -0.377297 0.0886603 0 -0.921838

55 2
-0.0564593 0.240265 -0.377297 -0.0886603 0 0.921838
-0.0564593 -0.240265 -0.377297 0.0886603 0 -0.921838

56 2
-0.0564593 0.240265 -0.377297 -0.0886603 0 0.921838
-0.0564593 -0.240265 -0.377297 0.0886603 0 -0.921838

57 1
-0.948094 0 1 0

58 1
-0.948094 0 1 0

59 1
-0.948094 0 1 0

60 1
-0.948094 0 1 0

61 1
-0.948094 0 1 0

62 2
-0.0836006 0.294714 -0.445895 -0.126486 0 0.886103
-0.0836006 -0.294714 -0.445895 0.126486 0 -0.886103

63 3
-0.324877 0 0.877261 0 -0.443872 0 0.18273 0
-0.130021 0.312002 -0.640491 -0.13205 0.398567 0.522456 0.236174 -0.291102
-0.130021 -0.312002 -0.640491 0.13205 0.398567 -0.522456 0.236174 0.291102

64 4
-0.522971 0 0.505926 0 0.822722 0 0.0123157 0 -0.258874 0
-0.0235809 0.236845 0.479786 -0.0610344 -0.286973 0.292199 -0.128969 0.0286357 -0.188563 -0.73847
-0.0235809 -0.236845 0.479786 0.0610344 -0.286973 -0.292199 -0.128969 -0.0286357 -0.188563 0.73847
0.00198003 0 -0.62019 0 0.616421 0 -0.473704 0 0.104859 0

64 3
-0.324877 0 0.877261 0 -0.443872 0 0.18273 0
-0.130021 0.312002 -0.640491 -0.13205 0.398567 0.522456 0.236174 -0.291102
-0.130021 -0.312002 -0.640491 0.13205 0.398567 -0.522456 0.236174 0.291102

65 3
-0.703285 0 0.988652 0 -0.134798 0 0.0663113 0
-0.0528535 0.217421 0.0813825 -0.464754 -0.209707 0.430451 0.723323 0.157858
-0.0528535 -0.217421 0.0813825 0.464754 -0.209707 -0.430451 0.723323 -0.157858

66 3
-0.86102 0 -0.230527 0 -0.972917 0 0.0170294 0
-0.00113371 0.0907645 -0.483499 0.412155 0.423152 -0.468093 0.293012 0.33516
-0.00113371 -0.0907645 -0.483499 -0.412155 0.423152 0.468093 0.293012 -0.33516

67 2
-0.197706 0.273417 -0.561655 -0.406129 0 0.720834
-0.197706 -0.273417 -0.561655 0.406129 0 -0.720834

68 3
-0.762766 0 0.706187 0 0.705462 0 -0.0601933 0
-0.00691692 0.102437 0.487045 -0.430625 -0.349803 0.534324 -0.292853 -0.289349
-0.00691692 -0.102437 0.487045 0.430625 -0.349803 -0.534324 -0.292853 0.289349

69 1
-0.930635 0 1 0

70 2
-0.772749 0 -0.994929 0 0.100577 0
-0.0537299 0 0.566703 0 -0.823922 0

71 2
-0.277473 0.277579 -0.574519 -0.574301 0 0.583186
-0.277473 -0.277579 -0.574519 0.574301 0 -0.583186

72 3
-0.276576 0.239434 0.560269 0.580955 0.000757259 0.0458964 -0.0316124 -0.587779
-0.276576 -0.239434 0.560269 -0.580955 0.000757259 -0.0458964 -0.0316124 0.587779
-0.0217559 0 0.0602978 0 0.670517 0 -0.73944 0

73 3
-0.276576 0.239434 0.560269 0.580955 0.000757259 0.0458964 -0.0316124 -0.587779
-0.276576 -0.239434 0.560269 -0.580955 0.000757259 -0.0458964 -0.0316124 0.587779
-0.0217559 0 0.0602978 0 0.670517 0 -0.73944 0

74 1
-0.93921 0 1 0

75 1
-0.93921 0 1 0

76 2
-0.192577 0.314044 -0.565515 -0.346782 0 0.748288
-0.192577 -0.314044 -0.565515 0.346782 0 -0.748288

77 2
-0.192577 0.314044 -0.565515 -0.346782 0 0.748288
-0.192577 -0.314044 -0.565515 0.346782 0 -0.748288

78 2
-0.192577 0.314044 -0.565515 -0.346782 0 0.748288
-0.192577 -0.314044 -0.565515 0.346782 0 -0.748288

79 3
-0.383569 0 0.697871 0 0.461533 0 -0.54769 0
-0.0771374 0.182167 -0.0418924 -0.503665 0.372631 0.119433 -0.68089 0.357544
-0.0771374 -0.182167 -0.0418924 0.503665 0.372631 -0.119433 -0.68089 -0.357544

80 3
-0.935003 0 0.573024 0 0.819537 0 -0.00174575 0
-0.000204707 0.0233975 0.14053 0.690533 -0.169659 -0.683573 0.0839131 -0.0178431
-0.000204707 -0.0233975 0.14053 -0.690533 -0.169659 0.683573 0.0839131 0.0178431

80 1
-0.93921 0 1 0

81 2
-0.203449 0.322183 -0.583782 -0.36864 0 0.723396
-0.203449 -0.322183 -0.583782 0.36864 0 -0.723396

82 2
-0.203449 0.322183 -0.583782 -0.36864 0 0.723396
-0.203449 -0.322183 -0.583782 0.36864 0 -0.723396

83 2
-0.203449 0.322183 -0.583782 -0.36864 0 0.723396
-0.203449 -0.322183 -0.583782 0.36864 0 -0.723396

84 2
-0.0854662 0.206198 -0.333692 -0.13831 0 0.932481
-0.0854662 -0.206198 -0.333692 0.13831 0 -0.932481

85 3
-0.773257 0 -0.267149 0 -0.96273 0 0.0422314 0
-0.00148452 0.090947 0.493285 0.143586 -0.504727 -0.0679155 0.182117 -0.665976
-0.00148452 -0.090947 0.493285 -0.143586 -0.504727 0.0679155 0.182117 0.665976

86 4
-0.761136 0 -0.271319 0 -0.961384 0 0.0452746 0 0.00878723 0
-0.000978142 0.0942568 -0.475523 -0.190552 0.493234 0.131023 -0.25009 0.643354 0.00529297 -0.0253431
-0.000978142 -0.0942568 -0.475523 0.190552 0.493234 -0.131023 -0.25009 -0.643354 0.00529297 0.0253431
-0.00449955 0 -0.0232249 0 -0.426544 0 0.655572 0 0.622692 0

87 4
-0.716715 0 0.28878 0 0.954146 0 -0.0634185 0 -0.0468062 0
-0.000354154 0.110554 0.490756 0.040221 -0.49156 -0.00401927 0.0550245 -0.698874 -0.000777431 0.156331
-0.000354154 -0.110554 0.490756 -0.040221 -0.49156 0.00401927 0.0550245 0.698874 -0.000777431 -0.156331
-0.0119241 0 -0.0449288 0 -0.2582 0 0.593054 0 0.761315 0

88 4
-0.716715 0 0.28878 0 0.954146 0 -0.0634185 0 -0.0468062 0
-0.000354154 0.110554 0.490756 0.040221 -0.49156 -0.00401927 0.0550245 -0.698874 -0.000777431 0.156331
-0.000354154 -0.110554 0.490756 -0.040221 -0.49156 0.00401927 0.0550245 0.698874 -0.000777431 -0.156331
-0.0119241 0 -0.0449288 0 -0.2582 0 0.593054 0 0.761315 0

89 4
-0.716715 0 0.28878 0 0.954146 0 -0.0634185 0 -0.0468062 0
-0.000354154 0.110554 0.490756 0.040221 -0.49156 -0.00401927 0.0550245 -0.698874 -0.000777431 0.156331
-0.000354154 -0.110554 0.490756 -0.040221 -0.49156 0.00401927 0.0550245 0.698874 -0.000777431 -0.156331
-0.0119241 0 -0.0449288 0 -0.2582 0 0.593054 0 0.761315 0

90 4
-0.716715 0 0.28878 0 0.954146 0 -0.0634185 0 -0.0468062 0
-0.000354154 0.110554 0.490756 0.040221 -0.49156 -0.00401927 0.0550245 -0.698874 -0.000777431 0.156331
-0.000354154 -0.110554 0.490756 -0.040221 -0.49156 0.00401927 0.0550245 0.698874 -0.000777431 -0.156331
-0.0119241 0 -0.0449288 0 -0.2582 0 0.593054 0 0.761315 0

91 4
-0.716715 0 0.28878 0 0.954146 0 -0.0634185 0 -0.0468062 0
-0.000354154 0.110554 0.490756 0.040221 -0.49156 -0.00401927 0.0550245 -0.698874 -0.000777431 0.156331
-0.000354154 -0.110554 0.490756 -0.040221 -0.49156 0.00401927 0.0550245 0.698874 -0.000777431 -0.156331
-0.0119241 0 -0.0449288 0 -0.2582 0 0.593054 0 0.761315 0

92 4
-0.716715 0 0.28878 0 0.954146 0 -0.0634185 0 -0.0468062 0
-0.000354154 0.110554 0.490756 0.040221 -0.49156 -0.00401927 0.0550245 -0.698874 -0.000777431 0.156331
-0.000354154 -0.110554 0.490756 -0.040221 -0.49156 0.00401927 0.0550245 0.698874 -0.000777431 -0.156331
-0.0119241 0 -0.0449288 0 -0.2582 0 0.593054 0 0.761315 0

93 4
-0.519101 0 -0.378012 0 -0.869689 0 0.197141 0 0.248765 0
-0.000745067 0.162765 -0.266648 0.328257 0.300856 -0.295997 0.547997 0.440999 -0.271275 -0.273216
-0.000745067 -0.162765 -0.266648 -0.328257 0.300856 0.295997 0.547997 -0.440999 -0.271275 0.273216
-0.0576566 0 -0.148366 0 -0.254072 0 0.69664 0 0.654314 0

94 5
-0.624899 0 0.376305 0 0.891303 0 0.173387 0 -0.13135 0 -0.129066 0
-5.80664e-05 0.138826 0.196751 0.408076 -0.187065 -0.420913 0.00318162 0.00696802 -0.279161 0.124207 0.629886 -0.30402
-5.80664e-05 -0.138826 0.196751 -0.408076 -0.187065 0.420913 0.00318162 -0.00696802 -0.279161 -0.124207 0.629886 0.30402
-0.0142116 0.0472098 0.141791 0.0254965 0.294566 0.0497668 -0.381337 0.202426 -0.0695878 -0.553652 -0.0715444 -0.622185
-0.0142116 -0.0472098 0.141791 -0.0254965 0.294566 -0.0497668 -0.381337 -0.202426 -0.0695878 0.553652 -0.0715444 0.622185

95 5
-0.624899 0 0.376305 0 0.891303 0 0.173387 0 -0.13135 0 -0.129066 0
-5.80664e-05 0.138826 0.196751 0.408076 -0.187065 -0.420913 0.00318162 0.00696802 -0.279161 0.124207 0.629886 -0.30402
-5.80664e-05 -0.138826 0.196751 -0.408076 -0.187065 0.420913 0.00318162 -0.00696802 -0.279161 -0.124207 0.629886 0.30402
-0.0142116 0.0472098 0.141791 0.0254965 0.294566 0.0497668 -0.381337 0.202426 -0.0695878 -0.553652 -0.0715444 -0.622185
-0.0142116 -0.0472098 0.141791 -0.0254965 0.294566 -0.0497668 -0.381337 -0.202426 -0.0695878 0.553652 -0.0715444 0.622185

96 5
-0.624899 0 0.376305 0 0.891303 0 0.173387 0 -0.13135 0 -0.129066 0
-5.80664e-05 0.138826 0.196751 0.408076 -0.187065 -0.420913 0.00318162 0.00696802 -0.279161 0.124207 0.629886 -0.30402
-5.80664e-05 -0.138826 0.196751 -0.408076 -0.187065 0.420913 0.00318162 -0.00696802 -0.279161 -0.124207 0.629886 0.30402
-0.0142116 0.0472098 0.141791 0.0254965 0.294566 0.0497668 -0.381337 0.202426 -0.0695878 -0.553652 -0.0715444 -0.622185
-0.0142116 -0.0472098 0.141791 -0.0254965 0.294566 -0.0497668 -0.381337 -0.202426 -0.0695878 0.553652 -0.0715444 0.622185

97 5
-0.624899 0 0.376305 0 0.891303 0 0.173387 0 -0.13135 0 -0.129066 0
-5.80664e-05 0.138826 0.196751 0.408076 -0.187065 -0.420913 0.00318162 0.00696802 -0.279161 0.124207 0.629886 -0.30402
-5.80664e-05 -0.138826 0.196751 -0.408076 -0.187065 0.420913 0.00318162 -0.00696802 -0.279161 -0.124207 0.629886 0.30402
-0.0142116 0.0472098 0.141791 0.0254965 0.294566 0.0497668 -0.381337 0.202426 -0.0695878 -0.553652 -0.0715444 -0.622185
-0.0142116 -0.0472098 0.141791 -0.0254965 0.294566 -0.0497668 -0.381337 -0.202426 -0.0695878 0.553652 -0.0715444 0.622185

98 3
-0.933516 0 0.218615 0 0.975811 0 -0.000987556 0
-3.57451e-05 0.0172594 -0.148354 0.68088 0.132883 -0.68392 0.166434 0.0359028
-3.57451e-05 -0.0172594 -0.148354 -0.68088 0.132883 0.68392 0.166434 -0.0359028

98 1
-0.93921 0 1 0

99 1
-0.93921 0 1 0

100 1
-0.93921 0 1 0

101 1
-0.93921 0 1 0

102 1
-0.93921 0 1 0

103 1
-0.93921 0 1 0

104 1
-0.93921 0 1 0

105 1
-0.93921 0 1 0

106 2
-0.879326 0 -0.999246 0 0.0388182 0
-0.0143377 0 0.387017 0 -0.922073 0

107 2
-0.221312 0.250805 -0.501015 -0.442099 0 0.743998
-0.221312 -0.250805 -0.501015 0.442099 0 -0.743998

108 2
-0.223778 0.276521 -0.539704 -0.436762 0 0.719694
-0.223778 -0.276521 -0.539704 0.436762 0 -0.719694

109 3
-0.729579 0 0.991482 0 -0.127367 0 0.0272373 0
-0.0398576 0.147678 0.484923 -0.000366346 -0.601368 -0.114949 0.0466352 0.62275
-0.0398576 -0.147678 0.484923 0.000366346 -0.601368 0.114949 0.0466352 -0.62275

110 3
-0.822745 0 0.738569 0 0.670803 0 -0.0673678 0
-0.00820173 0.11041 0.579814 0.276694 -0.622019 -0.103483 0.157923 -0.405833
-0.00820173 -0.11041 0.579814 -0.276694 -0.622019 0.103483 0.157923 0.405833

111 3
-0.822745 0 0.738569 0 0.670803 0 -0.0673678 0
-0.00820173 0.11041 0.579814 0.276694 -0.622019 -0.103483 0.157923 -0.405833
-0.00820173 -0.11041 0.579814 -0.276694 -0.622019 0.103483 0.157923 0.405833

112 3
-0.822745 0 0.738569 0 0.670803 0 -0.0673678 0
-0.00820173 0.11041 0.579814 0.276694 -0.622019 -0.103483 0.157923 -0.405833
-0.00820173 -0.11041 0.579814 -0.276694 -0.622019 0.103483 0.157923 0.405833

113 3
-0.822745 0 0.738569 0 0.670803 0 -0.0673678 0
-0.00820173 0.11041 0.579814 0.276694 -0.622019 -0.103483 0.157923 -0.405833
-0.00820173 -0.11041 0.579814 -0.276694 -0.622019 0.103483 0.157923 0.405833

114 3
-0.822745 0 0.738569 0 0.670803 0 -0.0673678 0
-0.00820173 0.11041 0.579814 0.276694 -0.622019 -0.103483 0.157923 -0.405833
-0.00820173 -0.11041 0.579814 -0.276694 -0.622019 0.103483 0.157923 0.405833

115 4
-0.340542 0 0.723634 0 0.288384 0 -0.601764 0 -0.176264 0
-0.0246033 0.182154 -0.0503439 0.40114 -0.266741 -0.354106 0.622852 -0.00585956 -0.35695 0.353013
-0.0246033 -0.182154 -0.0503439 -0.40114 -0.266741 0.354106 0.622852 0.00585956 -0.35695 -0.353013
-0.171875 0 0.458904 0 0.297088 0 -0.756112 0 -0.359779 0

116 2
-0.164894 0.330108 -0.561955 -0.280705 0 0.778082
-0.164894 -0.330108 -0.561955 0.280705 0 -0.778082

117 3
-0.625968 0 -0.63003 0 -0.749484 0 0.203313 0
-0.0219525 0.179477 -0.502051 -0.262633 0.527269 -0.0167065 -0.223142 0.592355
-0.0219525 -0.179477 -0.502051 0.262633 0.527269 0.0167065 -0.223142 -0.592355

118 3
-0.92479 0 0.482779 0 0.875727 0 -0.00519946 0
-0.000570086 0.0437301 -0.190181 0.672321 0.140195 -0.683258 0.153665 0.041312
-0.000570086 -0.0437301 -0.190181 -0.672321 0.140195 0.683258 0.153665 -0.041312

