0 1 1
1 1 1
2 2 1 2
3 2 1 2
4 3 1 2 2.63171
5 3 1 2 2.63171
6 3 1 1 2
7 3 1 1 2
8 3 1 1 2.58545
9 3 1 1 2
10 3 1 1 2
11 3 1 1 2
12 3 1 1 2
13 1 1
14 1 1
15 1 1
16 1 1
17 1 1
18 1 1
19 2 1 2
20 3 1 1 2
21 3 1 1 2
22 2 1 2
23 2 1 2.26354
24 3 1 2 2.60922
25 3 1 2 2.60922
26 3 1 2 2.83634
27 4 1 2 2.83634 2
28 4 1 2 2.83634 2
29 4 1 2 2.83634 2
30 3 1 1 2
31 3 1 1 2
32 3 1 1 2
33 3 1 1 2
34 3 1 1 2
35 4 1 1 2 2
36 4 1 1 2 2
37 4 1 1 2 2
38 4 1 1 2 2
39 1 1
40 1 1
41 1 1
42 1 1
43 1 1
44 1 1
45 2 1 2
46 3 1 1 2
47 1 1
48 1 1
49 1 1
50 2 1 2
51 2 1 2
52 2 1 2.50366
53 2 1 2.57337
54 2 1 2
55 2 1 2
56 2 1 2
57 1 1
58 1 1
59 1 1
60 1 1
61 1 1
62 2 1 2
63 3 1 2 2.82956
64 4 1 1 2.82956 2
64 3 1 2 2.82956
65 3 1 2 3.32572
66 3 1 1 2
67 2 1 2
68 3 1 1 2
69 1 1
70 2 1 2
71 2 1 2
72 3 1 1 2
73 3 1 1 2
74 1 1
75 1 1
76 2 1 2
77 2 1 2
78 2 1 2
79 3 1 1 2
80 3 1 1 2
80 1 1
81 2 1 2
82 2 1 2
83 2 1 2
84 2 1 2.58736
85 3 1 1 2
86 4 1 1 2 2
87 4 1 1 2 2
88 4 1 1 2 2
89 4 1 1 2 2
90 4 1 1 2 2
91 4 1 1 2 2
92 4 1 1 2 2
93 4 1 1 2 2
94 5 1 1 1 2 2
95 5 1 1 1 2 2
96 5 1 1 1 2 2
97 5 1 1 1 2 2
98 3 1 1 2
98 1 1
99 1 1
100 1 1
101 1 1
102 1 1
103 1 1
104 1 1
105 1 1
106 2 1 2
107 2 1 2.53366
108 2 1 2.49946
109 3 1 2 3
110 3 1 1 2
111 3 1 1 2
112 3 1 1 2
113 3 1 1 2
114 3 1 1 2
115 4 1 1 2 2
116 2 1 2
117 3 1 1 2
118 3 1 1 2
