0 0 0 1 0.695385 0.695385 1 0.304615 0 0 1 0 2 0 3 0 4 0 5 0 6 0 7 0 8 0 9 0 10 0 11 0 12 0 13 0 14 0 15 0 16 0 17 0 18 0 19 0 
1 0 0 1 0.695385 0.695385 1 0.304615 0 0 1 0.191637 2 0 3 0 4 0 5 0 6 0 7 0 8 0 9 0 10 0 11 0 12 0 13 0 14 0 15 0 16 0 17 0 18 0 19 0 
2 0 0 1 0.695385 0.695385 1 0.304615 0 0 1 0.978278 2 0 3 0 4 0 5 0 6 0 7 0 8 0 9 0 10 0 11 0 12 0 13 0 14 0 15 0 16 0 17 0 18 0 19 0 
3 0 0 1 0.327065 0.327065 1 0.304615 0 0 1 0.978278 2 0.101415 3 0 4 0 5 0 6 0 7 0 8 0 9 0 10 0 11 0 12 0 13 0 14 0 15 0 16 0 17 0 18 0 19 0 
4 0 0 1 0.327065 0.327065 1 0.304615 0 0 1 0.978278 2 0.561031 3 0 4 0 5 0 6 0 7 0 8 0 9 0 10 0 11 0 12 0 13 0 14 0 15 0 16 0 17 0 18 0 19 0 
5 0 0 1 0.423128 0.423128 1 0.304615 0 0 1 0.978278 2 0.561031 3 0.0864722 4 0 5 0 6 0 7 0 8 0 9 0 10 0 11 0 12 0 13 0 14 0 15 0 16 0 17 0 18 0 19 0 
6 0 0 1 0.423128 0.423128 1 0.304615 0 0 1 0 2 0.561031 3 0.978278 4 0 5 0 6 0 7 0 8 0 9 0 10 0 11 0 12 0 13 0 14 0 15 0 16 0 17 0 18 0 19 0 
6 1 6 1 1e-10 0.236297 1 0.347854 0 0 1 0 2 0 3 0 4 0 5 0 6 0 7 0 8 0 9 0 10 0 11 0 12 0 13 0 14 0 15 0 16 0 17 0 18 0 19 0 
7 0 0 1 0.327065 0.327065 1 0.304615 0 0 1 0 2 0.978278 3 0.361281 4 0 5 0 6 0 7 0 8 0 9 0 10 0 11 0 12 0 13 0 14 0 15 0 16 0 17 0 18 0 19 0 
7 1 6 1 0.325081 0.325081 1 0.347854 0 0 1 0 2 0 3 0 4 0 5 0 6 0 7 0 8 0 9 0 10 0 11 0 12 0 13 0 14 0 15 0 16 0 17 0 18 0 19 0 
8 0 0 1 0.327065 0.327065 1 0.304615 0 0 1 0 2 0.978278 3 0.697265 4 0 5 0 6 0 7 0 8 0 9 0 10 0 11 0 12 0 13 0 14 0 15 0 16 0 17 0 18 0 19 0 
8 1 6 1 0.325081 0.325081 1 0.347854 0 0 1 0 2 0 3 0 4 0 5 0 6 0 7 0 8 0 9 0 10 0 11 0 12 0 13 0 14 0 15 0 16 0 17 0 18 0 19 0 
9 0 0 1 0.292426 0.292425 1 0.304615 0 0 1 0 2 0.697265 3 0.767246 4 0 5 0 6 0 7 0 8 0 9 0 10 0 11 0 12 0 13 0 14 0 15 0 16 0 17 0 18 0 19 0 
9 1 6 1 0.359721 0.359721 1 0.347854 0 0 1 0 2 0 3 0.102933 4 0 5 0 6 0 7 0 8 0 9 0 10 0 11 0 12 0 13 0 14 0 15 0 16 0 17 0 18 0 19 0 
10 0 0 1 0.197864 0.197864 1 0.304615 0 0 1 0 2 0.767246 3 0 4 0 5 0 6 0 7 0 8 0 9 0 10 0 11 0 12 0 13 0 14 0 15 0 16 0 17 0 18 0 19 0 
10 1 6 1 0.447583 0.447582 1 0.347854 0 0 1 0 2 0.102933 3 0.820966 4 0 5 0 6 0 7 0 8 0 9 0 10 0 11 0 12 0 13 0 14 0 15 0 16 0 17 0 18 0 19 0 
11 0 0 1 0.197864 0.197864 1 0.304615 0 0 1 0 2 0.767246 3 0.619771 4 0 5 0 6 0 7 0 8 0 9 0 10 0 11 0 12 0 13 0 14 0 15 0 16 0 17 0 18 0 19 0 
11 1 6 1 0.447582 0.447582 1 0.347854 0 0 1 0 2 0.102933 3 0.177082 4 0 5 0 6 0 7 0 8 0 9 0 10 0 11 0 12 0 13 0 14 0 15 0 16 0 17 0 18 0 19 0 
12 0 0 1 0.197864 0.197864 1 0.304615 0 0 1 0 2 0.767246 3 0 4 0 5 0 6 0 7 0 8 0 9 0 10 0 11 0 12 0 13 0 14 0 15 0 16 0 17 0 18 0 19 0 
12 1 6 1 0.447582 0.447582 1 0.347854 0 0 1 0 2 0.102933 3 0 4 0 5 0 6 0 7 0 8 0 9 0 10 0 11 0 12 0 13 0 14 0 15 0 16 0 17 0 18 0 19 0 
13 0 0 1 0.197864 0.197864 1 0.304615 0 0 1 0 2 0 3 0.767246 4 0 5 0 6 0 7 0 8 0 9 0 10 0 11 0 12 0 13 0 14 0 15 0 16 0 17 0 18 0 19 0 
13 1 6 1 0.447582 0.447582 1 0.347854 0 0 1 0 2 0 3 0.102933 4 0 5 0 6 0 7 0 8 0 9 0 10 0 11 0 12 0 13 0 14 0 15 0 16 0 17 0 18 0 19 0 
13 2 13 1 1e-10 0.0650884 1 0.154289 0 0 1 0 2 0 3 0 4 0 5 0 6 0 7 0 8 0 9 0 10 0 11 0 12 0 13 0 14 0 15 0 16 0 17 0 18 0 19 0 
14 0 13 1 0.845711 0.845711 1 0.154289 0 0 1 0.120311 2 0 3 0 4 0 5 0 6 0 7 0 8 0 9 0 10 0 11 0 12 0 13 0 14 0 15 0 16 0 17 0 18 0 19 0 
15 0 13 1 0.845711 0.845711 1 0.154289 0 0 1 0 2 0 3 0 4 0 5 0 6 0 7 0 8 0 9 0 10 0 11 0 12 0 13 0 14 0 15 0 16 0 17 0 18 0 19 0 
15 1 15 1 1e-10 0 1 0.339771 0 0 1 0 2 0 3 0 4 0 5 0 6 0 7 0 8 0 9 0 10 0 11 0 12 0 13 0 14 0 15 0 16 0 17 0 18 0 19 0 
16 0 13 1 0.845711 0.845711 1 0.154289 0 0 1 0 2 0 3 0 4 0 5 0 6 0 7 0 8 0 9 0 10 0 11 0 12 0 13 0 14 0 15 0 16 0 17 0 18 0 19 0 
16 1 16 1 1e-10 0 1 0.121242 0 0 1 0 2 0 3 0 4 0 5 0 6 0 7 0 8 0 9 0 10 0 11 0 12 0 13 0 14 0 15 0 16 0 17 0 18 0 19 0 
17 0 16 1 0.878758 0.878758 1 0.121242 0 0 1 0.265814 2 0 3 0 4 0 5 0 6 0 7 0 8 0 9 0 10 0 11 0 12 0 13 0 14 0 15 0 16 0 17 0 18 0 19 0 
18 0 16 1 0.878758 0.878758 1 0.121242 0 0 1 0.220569 2 0 3 0 4 0 5 0 6 0 7 0 8 0 9 0 10 0 11 0 12 0 13 0 14 0 15 0 16 0 17 0 18 0 19 0 
19 0 16 1 0.878758 0.878758 1 0.121242 0 0 1 0.353964 2 0 3 0 4 0 5 0 6 0 7 0 8 0 9 0 10 0 11 0 12 0 13 0 14 0 15 0 16 0 17 0 18 0 19 0 
20 0 16 1 0.499712 0.499712 1 0.121242 0 0 1 0 2 0.353964 3 0 4 0 5 0 6 0 7 0 8 0 9 0 10 0 11 0 12 0 13 0 14 0 15 0 16 0 17 0 18 0 19 0 
20 1 20 1 1e-10 1.07086 1 0.171497 0 0 1 0 2 0 3 0 4 0 5 0 6 0 7 0 8 0 9 0 10 0 11 0 12 0 13 0 14 0 15 0 16 0 17 0 18 0 19 0 
21 0 16 1 0.499712 0.499712 1 0.121242 0 0 1 0 2 0 3 0.353964 4 0 5 0 6 0 7 0 8 0 9 0 10 0 11 0 12 0 13 0 14 0 15 0 16 0 17 0 18 0 19 0 
21 1 20 1 0.328791 0.328791 1 0.171497 0 0 1 0 2 0 3 0 4 0 5 0 6 0 7 0 8 0 9 0 10 0 11 0 12 0 13 0 14 0 15 0 16 0 17 0 18 0 19 0 
21 2 21 1 1e-10 0.141978 1 0.194614 0 0 1 0 2 0 3 0 4 0 5 0 6 0 7 0 8 0 9 0 10 0 11 0 12 0 13 0 14 0 15 0 16 0 17 0 18 0 19 0 
22 0 16 1 0.499712 0.499712 1 0.121242 0 0 1 0 2 0.353964 3 0.670951 4 0 5 0 6 0 7 0 8 0 9 0 10 0 11 0 12 0 13 0 14 0 15 0 16 0 17 0 18 0 19 0 
22 1 20 1 0.328791 0.328791 1 0.171497 0 0 1 0 2 0 3 0.607891 4 0 5 0 6 0 7 0 8 0 9 0 10 0 11 0 12 0 13 0 14 0 15 0 16 0 17 0 18 0 19 0 
23 0 20 1 0.183628 0.183628 1 0.171497 0 0 1 0.607891 2 0.63912 3 0 4 0 5 0 6 0 7 0 8 0 9 0 10 0 11 0 12 0 13 0 14 0 15 0 16 0 17 0 18 0 19 0 
24 0 20 1 0.422116 0.422116 1 0.171497 0 0 1 0.63912 2 0.542443 3 0 4 0 5 0 6 0 7 0 8 0 9 0 10 0 11 0 12 0 13 0 14 0 15 0 16 0 17 0 18 0 19 0 
25 0 20 1 0.516788 0.516789 1 0.171497 0 0 1 0.63912 2 0.542443 3 0.231085 4 0 5 0 6 0 7 0 8 0 9 0 10 0 11 0 12 0 13 0 14 0 15 0 16 0 17 0 18 0 19 0 
26 0 20 1 0.516788 0.516789 1 0.171497 0 0 1 0.63912 2 0.542443 3 0.176949 4 0 5 0 6 0 7 0 8 0 9 0 10 0 11 0 12 0 13 0 14 0 15 0 16 0 17 0 18 0 19 0 
27 0 20 1 0.703449 0.703449 1 0.171497 0 0 1 0.63912 2 0.176949 3 0.751815 4 0 5 0 6 0 7 0 8 0 9 0 10 0 11 0 12 0 13 0 14 0 15 0 16 0 17 0 18 0 19 0 
28 0 20 1 0.665484 0.665484 1 0.171497 0 0 1 0.63912 2 0.176949 3 0.751815 4 0 5 0 6 0 7 0 8 0 9 0 10 0 11 0 12 0 13 0 14 0 15 0 16 0 17 0 18 0 19 0 
29 0 20 1 0.665484 0.665484 1 0.171497 0 0 1 0.63912 2 0.176949 3 0.751815 4 0 5 0 6 0 7 0 8 0 9 0 10 0 11 0 12 0 13 0 14 0 15 0 16 0 17 0 18 0 19 0 
30 0 20 1 0.665484 0.665484 1 0.171497 0 0 1 0 2 0.176949 3 0.751815 4 0.63912 5 0 6 0 7 0 8 0 9 0 10 0 11 0 12 0 13 0 14 0 15 0 16 0 17 0 18 0 19 0 
30 1 30 1 1e-10 0.161805 1 0.250068 0 0 1 0 2 0 3 0 4 0 5 0 6 0 7 0 8 0 9 0 10 0 11 0 12 0 13 0 14 0 15 0 16 0 17 0 18 0 19 0 
31 0 20 1 0.422116 0.422116 1 0.171497 0 0 1 0 2 0 3 0.63912 4 0 5 0 6 0 7 0 8 0 9 0 10 0 11 0 12 0 13 0 14 0 15 0 16 0 17 0 18 0 19 0 
31 1 30 1 0.327816 0.327816 1 0.250068 0 0 1 0 2 0 3 0 4 0 5 0 6 0 7 0 8 0 9 0 10 0 11 0 12 0 13 0 14 0 15 0 16 0 17 0 18 0 19 0 
31 2 31 1 1e-10 0.122935 1 0.452945 0 0 1 0 2 0 3 0 4 0 5 0 6 0 7 0 8 0 9 0 10 0 11 0 12 0 13 0 14 0 15 0 16 0 17 0 18 0 19 0 
32 0 20 1 0.422116 0.422116 1 0.171497 0 0 1 0 2 0.63912 3 0.0434496 4 0 5 0 6 0 7 0 8 0 9 0 10 0 11 0 12 0 13 0 14 0 15 0 16 0 17 0 18 0 19 0 
32 1 30 1 0.327816 0.327816 1 0.250068 0 0 1 0 2 0 3 0.446286 4 0 5 0 6 0 7 0 8 0 9 0 10 0 11 0 12 0 13 0 14 0 15 0 16 0 17 0 18 0 19 0 
33 0 20 1 0.422116 0.422116 1 0.171497 0 0 1 0 2 0.63912 3 0 4 0 5 0 6 0 7 0 8 0 9 0 10 0 11 0 12 0 13 0 14 0 15 0 16 0 17 0 18 0 19 0 
33 1 30 1 0.327817 0.327816 1 0.250068 0 0 1 0 2 0 3 0.217911 4 0 5 0 6 0 7 0 8 0 9 0 10 0 11 0 12 0 13 0 14 0 15 0 16 0 17 0 18 0 19 0 
34 0 20 1 0.422116 0.422116 1 0.171497 0 0 1 0 2 0.63912 3 0.143669 4 0 5 0 6 0 7 0 8 0 9 0 10 0 11 0 12 0 13 0 14 0 15 0 16 0 17 0 18 0 19 0 
34 1 30 1 0.327816 0.327816 1 0.250068 0 0 1 0 2 0 3 0 4 0 5 0 6 0 7 0 8 0 9 0 10 0 11 0 12 0 13 0 14 0 15 0 16 0 17 0 18 0 19 0 
35 0 20 1 0.422116 0.422116 1 0.171497 0 0 1 0 2 0.63912 3 0.492659 4 0 5 0 6 0 7 0 8 0 9 0 10 0 11 0 12 0 13 0 14 0 15 0 16 0 17 0 18 0 19 0 
35 1 30 1 0.327816 0.327816 1 0.250068 0 0 1 0 2 0 3 0.923875 4 0 5 0 6 0 7 0 8 0 9 0 10 0 11 0 12 0 13 0 14 0 15 0 16 0 17 0 18 0 19 0 
36 0 20 1 0.422116 0.422116 1 0.171497 0 0 1 0 2 0.63912 3 0.492659 4 0 5 0 6 0 7 0 8 0 9 0 10 0 11 0 12 0 13 0 14 0 15 0 16 0 17 0 18 0 19 0 
36 1 30 1 0.297626 0.297626 1 0.250068 0 0 1 0 2 0 3 0.923875 4 0 5 0 6 0 7 0 8 0 9 0 10 0 11 0 12 0 13 0 14 0 15 0 16 0 17 0 18 0 19 0 
37 0 20 1 0.422116 0.422116 1 0.171497 0 0 1 0 2 0.63912 3 0.492659 4 0 5 0 6 0 7 0 8 0 9 0 10 0 11 0 12 0 13 0 14 0 15 0 16 0 17 0 18 0 19 0 
37 1 30 1 0.297626 0.297626 1 0.250068 0 0 1 0 2 0 3 0.923875 4 0 5 0 6 0 7 0 8 0 9 0 10 0 11 0 12 0 13 0 14 0 15 0 16 0 17 0 18 0 19 0 
38 0 20 1 0.422116 0.422116 1 0.171497 0 0 1 0 2 0.63912 3 0.492659 4 0 5 0 6 0 7 0 8 0 9 0 10 0 11 0 12 0 13 0 14 0 15 0 16 0 17 0 18 0 19 0 
38 1 30 1 0.297626 0.297626 1 0.250068 0 0 1 0 2 0 3 0.923875 4 0 5 0 6 0 7 0 8 0 9 0 10 0 11 0 12 0 13 0 14 0 15 0 16 0 17 0 18 0 19 0 
39 0 20 1 0.422116 0.422116 1 0.171497 0 0 1 0 2 0 3 0.492659 4 0.63912 5 0 6 0 7 0 8 0 9 0 10 0 11 0 12 0 13 0 14 0 15 0 16 0 17 0 18 0 19 0 
39 1 30 1 0.297626 0.297626 1 0.250068 0 0 1 0 2 0 3 0.923875 4 0 5 0 6 0 7 0 8 0 9 0 10 0 11 0 12 0 13 0 14 0 15 0 16 0 17 0 18 0 19 0 
39 2 39 1 1e-10 0.144983 1 0.136107 0 0 1 0 2 0 3 0 4 0 5 0 6 0 7 0 8 0 9 0 10 0 11 0 12 0 13 0 14 0 15 0 16 0 17 0 18 0 19 0 
40 0 39 1 0.863893 0.863893 1 0.136107 0 0 1 0.509498 2 0 3 0 4 0 5 0 6 0 7 0 8 0 9 0 10 0 11 0 12 0 13 0 14 0 15 0 16 0 17 0 18 0 19 0 
41 0 39 1 0.863893 0.863893 1 0.136107 0 0 1 0.0596726 2 0 3 0 4 0 5 0 6 0 7 0 8 0 9 0 10 0 11 0 12 0 13 0 14 0 15 0 16 0 17 0 18 0 19 0 
42 0 39 1 0.863893 0.863893 1 0.136107 0 0 1 0.105196 2 0 3 0 4 0 5 0 6 0 7 0 8 0 9 0 10 0 11 0 12 0 13 0 14 0 15 0 16 0 17 0 18 0 19 0 
43 0 39 1 0.863893 0.863893 1 0.136107 0 0 1 0.291466 2 0 3 0 4 0 5 0 6 0 7 0 8 0 9 0 10 0 11 0 12 0 13 0 14 0 15 0 16 0 17 0 18 0 19 0 
44 0 39 1 0.863893 0.863893 1 0.136107 0 0 1 0.29627 2 0 3 0 4 0 5 0 6 0 7 0 8 0 9 0 10 0 11 0 12 0 13 0 14 0 15 0 16 0 17 0 18 0 19 0 
45 0 39 1 0.863893 0.863893 1 0.136107 0 0 1 0.993546 2 0 3 0 4 0 5 0 6 0 7 0 8 0 9 0 10 0 11 0 12 0 13 0 14 0 15 0 16 0 17 0 18 0 19 0 
46 0 39 1 0.404325 0.404324 1 0.136107 0 0 1 0 2 0.993546 3 0 4 0 5 0 6 0 7 0 8 0 9 0 10 0 11 0 12 0 13 0 14 0 15 0 16 0 17 0 18 0 19 0 
46 1 46 1 1e-10 0.462554 1 0.346061 0 0 1 0 2 0 3 0 4 0 5 0 6 0 7 0 8 0 9 0 10 0 11 0 12 0 13 0 14 0 15 0 16 0 17 0 18 0 19 0 
47 0 39 1 0.404324 0.404324 1 0.136107 0 0 1 0 2 0 3 0.993546 4 0 5 0 6 0 7 0 8 0 9 0 10 0 11 0 12 0 13 0 14 0 15 0 16 0 17 0 18 0 19 0 
47 1 46 1 0.249615 0.249615 1 0.346061 0 0 1 0 2 0 3 0 4 0 5 0 6 0 7 0 8 0 9 0 10 0 11 0 12 0 13 0 14 0 15 0 16 0 17 0 18 0 19 0 
47 2 47 1 1e-10 0.211317 1 0.104374 0 0 1 0 2 0 3 0 4 0 5 0 6 0 7 0 8 0 9 0 10 0 11 0 12 0 13 0 14 0 15 0 16 0 17 0 18 0 19 0 
48 0 47 1 0.895626 0.895626 1 0.104374 0 0 1 0.501893 2 0 3 0 4 0 5 0 6 0 7 0 8 0 9 0 10 0 11 0 12 0 13 0 14 0 15 0 16 0 17 0 18 0 19 0 
49 0 47 1 0.895626 0.895626 1 0.104374 0 0 1 0.616718 2 0 3 0 4 0 5 0 6 0 7 0 8 0 9 0 10 0 11 0 12 0 13 0 14 0 15 0 16 0 17 0 18 0 19 0 
50 0 47 1 0.895626 0.895626 1 0.104374 0 0 1 0.831648 2 0 3 0 4 0 5 0 6 0 7 0 8 0 9 0 10 0 11 0 12 0 13 0 14 0 15 0 16 0 17 0 18 0 19 0 
51 0 47 1 0.707671 0.707671 1 0.104374 0 0 1 0.831648 2 0.171763 3 0 4 0 5 0 6 0 7 0 8 0 9 0 10 0 11 0 12 0 13 0 14 0 15 0 16 0 17 0 18 0 19 0 
52 0 47 1 0.707671 0.707671 1 0.104374 0 0 1 0.831648 2 0.438122 3 0 4 0 5 0 6 0 7 0 8 0 9 0 10 0 11 0 12 0 13 0 14 0 15 0 16 0 17 0 18 0 19 0 
53 0 47 1 0.619015 0.619015 1 0.104374 0 0 1 0.438122 2 0.344821 3 0 4 0 5 0 6 0 7 0 8 0 9 0 10 0 11 0 12 0 13 0 14 0 15 0 16 0 17 0 18 0 19 0 
54 0 47 1 0.792222 0.792222 1 0.104374 0 0 1 0.344821 2 0.91896 3 0 4 0 5 0 6 0 7 0 8 0 9 0 10 0 11 0 12 0 13 0 14 0 15 0 16 0 17 0 18 0 19 0 
55 0 47 1 0.112918 0.112919 1 0.104374 0 0 1 0.91896 2 0.965488 3 0 4 0 5 0 6 0 7 0 8 0 9 0 10 0 11 0 12 0 13 0 14 0 15 0 16 0 17 0 18 0 19 0 
56 0 47 1 0.112919 0.112919 1 0.104374 0 0 1 0.91896 2 0.920353 3 0 4 0 5 0 6 0 7 0 8 0 9 0 10 0 11 0 12 0 13 0 14 0 15 0 16 0 17 0 18 0 19 0 
57 0 47 1 0.112919 0.112919 1 0.104374 0 0 1 0 2 0.91896 3 0 4 0 5 0 6 0 7 0 8 0 9 0 10 0 11 0 12 0 13 0 14 0 15 0 16 0 17 0 18 0 19 0 
57 1 57 1 1e-10 0.851732 1 0.0519056 0 0 1 0 2 0 3 0 4 0 5 0 6 0 7 0 8 0 9 0 10 0 11 0 12 0 13 0 14 0 15 0 16 0 17 0 18 0 19 0 
58 0 57 1 0.948094 0.948094 1 0.0519056 0 0 1 0 2 0 3 0 4 0 5 0 6 0 7 0 8 0 9 0 10 0 11 0 12 0 13 0 14 0 15 0 16 0 17 0 18 0 19 0 
58 1 58 1 1e-10 0 1 0.234474 0 0 1 0 2 0 3 0 4 0 5 0 6 0 7 0 8 0 9 0 10 0 11 0 12 0 13 0 14 0 15 0 16 0 17 0 18 0 19 0 
59 0 57 1 0.948094 0.948094 1 0.0519056 0 0 1 0.0443368 2 0 3 0 4 0 5 0 6 0 7 0 8 0 9 0 10 0 11 0 12 0 13 0 14 0 15 0 16 0 17 0 18 0 19 0 
60 0 57 1 0.948094 0.948094 1 0.0519056 0 0 1 0 2 0 3 0 4 0 5 0 6 0 7 0 8 0 9 0 10 0 11 0 12 0 13 0 14 0 15 0 16 0 17 0 18 0 19 0 
60 1 60 1 1e-10 0 1 0.142304 0 0 1 0 2 0 3 0 4 0 5 0 6 0 7 0 8 0 9 0 10 0 11 0 12 0 13 0 14 0 15 0 16 0 17 0 18 0 19 0 
61 0 57 1 0.948094 0.948094 1 0.0519056 0 0 1 0 2 0 3 0 4 0 5 0 6 0 7 0 8 0 9 0 10 0 11 0 12 0 13 0 14 0 15 0 16 0 17 0 18 0 19 0 
61 1 61 1 1e-10 0 1 0.440558 0 0 1 0 2 0 3 0 4 0 5 0 6 0 7 0 8 0 9 0 10 0 11 0 12 0 13 0 14 0 15 0 16 0 17 0 18 0 19 0 
62 0 57 1 0.948094 0.948094 1 0.0519056 0 0 1 0.958342 2 0 3 0 4 0 5 0 6 0 7 0 8 0 9 0 10 0 11 0 12 0 13 0 14 0 15 0 16 0 17 0 18 0 19 0 
63 0 57 1 0.167201 0.167201 1 0.0519056 0 0 1 0.958342 2 0.193571 3 0 4 0 5 0 6 0 7 0 8 0 9 0 10 0 11 0 12 0 13 0 14 0 15 0 16 0 17 0 18 0 19 0 
64 0 57 1 0.584919 0.584918 1 0.0519056 0 0 1 0 2 0.193571 3 0.958342 4 0 5 0 6 0 7 0 8 0 9 0 10 0 11 0 12 0 13 0 14 0 15 0 16 0 17 0 18 0 19 0 
64 1 64 1 1e-10 0.314597 1 0.431848 0 0 1 0 2 0 3 0 4 0 5 0 6 0 7 0 8 0 9 0 10 0 11 0 12 0 13 0 14 0 15 0 16 0 17 0 18 0 19 0 
65 0 57 1 0.584918 0.584918 1 0.0519056 0 0 1 0.958342 2 0.193571 3 0 4 0 5 0 6 0 7 0 8 0 9 0 10 0 11 0 12 0 13 0 14 0 15 0 16 0 17 0 18 0 19 0 
66 0 57 1 0.808992 0.808991 1 0.0519056 0 0 1 0 2 0 3 0.958342 4 0 5 0 6 0 7 0 8 0 9 0 10 0 11 0 12 0 13 0 14 0 15 0 16 0 17 0 18 0 19 0 
66 1 66 1 1e-10 0.14515 1 0.136712 0 0 1 0 2 0 3 0 4 0 5 0 6 0 7 0 8 0 9 0 10 0 11 0 12 0 13 0 14 0 15 0 16 0 17 0 18 0 19 0 
67 0 57 1 0.167201 0.167201 1 0.0519056 0 0 1 0 2 0.958342 3 0.974875 4 0 5 0 6 0 7 0 8 0 9 0 10 0 11 0 12 0 13 0 14 0 15 0 16 0 17 0 18 0 19 0 
67 1 66 1 0.696086 0.696087 1 0.136712 0 0 1 0 2 0 3 0.820485 4 0 5 0 6 0 7 0 8 0 9 0 10 0 11 0 12 0 13 0 14 0 15 0 16 0 17 0 18 0 19 0 
68 0 66 1 0.395412 0.395412 1 0.136712 0 0 1 0 2 0.820485 3 0 4 0 5 0 6 0 7 0 8 0 9 0 10 0 11 0 12 0 13 0 14 0 15 0 16 0 17 0 18 0 19 0 
68 1 68 1 1e-10 0.570242 1 0.2234 0 0 1 0 2 0 3 0 4 0 5 0 6 0 7 0 8 0 9 0 10 0 11 0 12 0 13 0 14 0 15 0 16 0 17 0 18 0 19 0 
69 0 66 1 0.395413 0.395412 1 0.136712 0 0 1 0 2 0 3 0.820485 4 0 5 0 6 0 7 0 8 0 9 0 10 0 11 0 12 0 13 0 14 0 15 0 16 0 17 0 18 0 19 0 
69 1 68 1 0.381187 0.381187 1 0.2234 0 0 1 0 2 0 3 0 4 0 5 0 6 0 7 0 8 0 9 0 10 0 11 0 12 0 13 0 14 0 15 0 16 0 17 0 18 0 19 0 
69 2 69 1 1e-10 0.105654 1 0.0693652 0 0 1 0 2 0 3 0 4 0 5 0 6 0 7 0 8 0 9 0 10 0 11 0 12 0 13 0 14 0 15 0 16 0 17 0 18 0 19 0 
70 0 69 1 0.930635 0.930635 1 0.0693652 0 0 1 0.643096 2 0 3 0 4 0 5 0 6 0 7 0 8 0 9 0 10 0 11 0 12 0 13 0 14 0 15 0 16 0 17 0 18 0 19 0 
71 0 69 1 0.826479 0.826479 1 0.0693652 0 0 1 0.643096 2 0.985139 3 0 4 0 5 0 6 0 7 0 8 0 9 0 10 0 11 0 12 0 13 0 14 0 15 0 16 0 17 0 18 0 19 0 
72 0 69 1 0.554946 0.554946 1 0.0693652 0 0 1 0 2 0.985139 3 0 4 0 5 0 6 0 7 0 8 0 9 0 10 0 11 0 12 0 13 0 14 0 15 0 16 0 17 0 18 0 19 0 
72 1 72 1 1e-10 0.381356 1 0.425093 0 0 1 0 2 0 3 0 4 0 5 0 6 0 7 0 8 0 9 0 10 0 11 0 12 0 13 0 14 0 15 0 16 0 17 0 18 0 19 0 
73 0 69 1 0.554946 0.554946 1 0.0693652 0 0 1 0 2 0.985139 3 0 4 0 5 0 6 0 7 0 8 0 9 0 10 0 11 0 12 0 13 0 14 0 15 0 16 0 17 0 18 0 19 0 
73 1 72 1 0.0199609 0.0199609 1 0.425093 0 0 1 0 2 0 3 0.473434 4 0 5 0 6 0 7 0 8 0 9 0 10 0 11 0 12 0 13 0 14 0 15 0 16 0 17 0 18 0 19 0 
74 0 69 1 0.554946 0.554946 1 0.0693652 0 0 1 0 2 0 3 0.985139 4 0 5 0 6 0 7 0 8 0 9 0 10 0 11 0 12 0 13 0 14 0 15 0 16 0 17 0 18 0 19 0 
74 1 72 1 0.0199609 0.0199609 1 0.425093 0 0 1 0 2 0 3 0 4 0 5 0 6 0 7 0 8 0 9 0 10 0 11 0 12 0 13 0 14 0 15 0 16 0 17 0 18 0 19 0 
74 2 74 1 1e-10 0.361094 1 0.06079 0 0 1 0 2 0 3 0 4 0 5 0 6 0 7 0 8 0 9 0 10 0 11 0 12 0 13 0 14 0 15 0 16 0 17 0 18 0 19 0 
75 0 74 1 0.93921 0.93921 1 0.06079 0 0 1 0.19987 2 0 3 0 4 0 5 0 6 0 7 0 8 0 9 0 10 0 11 0 12 0 13 0 14 0 15 0 16 0 17 0 18 0 19 0 
76 0 74 1 0.93921 0.93921 1 0.06079 0 0 1 0.847933 2 0 3 0 4 0 5 0 6 0 7 0 8 0 9 0 10 0 11 0 12 0 13 0 14 0 15 0 16 0 17 0 18 0 19 0 
77 0 74 1 0.385154 0.385153 1 0.06079 0 0 1 0.847933 2 0.461962 3 0 4 0 5 0 6 0 7 0 8 0 9 0 10 0 11 0 12 0 13 0 14 0 15 0 16 0 17 0 18 0 19 0 
78 0 74 1 0.385153 0.385153 1 0.06079 0 0 1 0.847933 2 0.124191 3 0 4 0 5 0 6 0 7 0 8 0 9 0 10 0 11 0 12 0 13 0 14 0 15 0 16 0 17 0 18 0 19 0 
79 0 74 1 0.385153 0.385153 1 0.06079 0 0 1 0 2 0.847933 3 0 4 0 5 0 6 0 7 0 8 0 9 0 10 0 11 0 12 0 13 0 14 0 15 0 16 0 17 0 18 0 19 0 
79 1 79 1 1e-10 0.65342 1 0.462157 0 0 1 0 2 0 3 0 4 0 5 0 6 0 7 0 8 0 9 0 10 0 11 0 12 0 13 0 14 0 15 0 16 0 17 0 18 0 19 0 
80 0 74 1 0.385153 0.385153 1 0.06079 0 0 1 0 2 0 3 0.847933 4 0 5 0 6 0 7 0 8 0 9 0 10 0 11 0 12 0 13 0 14 0 15 0 16 0 17 0 18 0 19 0 
80 1 79 1 0.15269 0.15269 1 0.462157 0 0 1 0 2 0 3 0 4 0 5 0 6 0 7 0 8 0 9 0 10 0 11 0 12 0 13 0 14 0 15 0 16 0 17 0 18 0 19 0 
80 2 80 1 1e-10 0.473347 1 0.064588 0 0 1 0 2 0 3 0 4 0 5 0 6 0 7 0 8 0 9 0 10 0 11 0 12 0 13 0 14 0 15 0 16 0 17 0 18 0 19 0 
81 0 74 1 0.93921 0.93921 1 0.06079 0 0 1 0.893786 2 0 3 0 4 0 5 0 6 0 7 0 8 0 9 0 10 0 11 0 12 0 13 0 14 0 15 0 16 0 17 0 18 0 19 0 
82 0 74 1 0.406898 0.406897 1 0.06079 0 0 1 0.893786 2 0.374285 3 0 4 0 5 0 6 0 7 0 8 0 9 0 10 0 11 0 12 0 13 0 14 0 15 0 16 0 17 0 18 0 19 0 
83 0 74 1 0.406897 0.406897 1 0.06079 0 0 1 0.893786 2 0.519196 3 0 4 0 5 0 6 0 7 0 8 0 9 0 10 0 11 0 12 0 13 0 14 0 15 0 16 0 17 0 18 0 19 0 
84 0 74 1 0.406897 0.406897 1 0.06079 0 0 1 0.893786 2 0.505848 3 0 4 0 5 0 6 0 7 0 8 0 9 0 10 0 11 0 12 0 13 0 14 0 15 0 16 0 17 0 18 0 19 0 
85 0 74 1 0.170932 0.170932 1 0.06079 0 0 1 0 2 0.505848 3 0 4 0 5 0 6 0 7 0 8 0 9 0 10 0 11 0 12 0 13 0 14 0 15 0 16 0 17 0 18 0 19 0 
85 1 85 1 1e-10 1.51879 1 0.223774 0 0 1 0 2 0 3 0 4 0 5 0 6 0 7 0 8 0 9 0 10 0 11 0 12 0 13 0 14 0 15 0 16 0 17 0 18 0 19 0 
86 0 74 1 0.170932 0.170932 1 0.06079 0 0 1 0 2 0.505848 3 0.188758 4 0 5 0 6 0 7 0 8 0 9 0 10 0 11 0 12 0 13 0 14 0 15 0 16 0 17 0 18 0 19 0 
86 1 85 1 0.605294 0.605294 1 0.223774 0 0 1 0 2 0 3 0.717132 4 0 5 0 6 0 7 0 8 0 9 0 10 0 11 0 12 0 13 0 14 0 15 0 16 0 17 0 18 0 19 0 
87 0 74 1 0.170932 0.170932 1 0.06079 0 0 1 0 2 0.505848 3 0.188758 4 0 5 0 6 0 7 0 8 0 9 0 10 0 11 0 12 0 13 0 14 0 15 0 16 0 17 0 18 0 19 0 
87 1 85 1 0.596659 0.596659 1 0.223774 0 0 1 0 2 0 3 0.717132 4 0.390923 5 0 6 0 7 0 8 0 9 0 10 0 11 0 12 0 13 0 14 0 15 0 16 0 17 0 18 0 19 0 
88 0 74 1 0.170932 0.170932 1 0.06079 0 0 1 0 2 0 3 0 4 0.505848 5 0 6 0 7 0 8 0 9 0 10 0 11 0 12 0 13 0 14 0 15 0 16 0 17 0 18 0 19 0 
88 1 85 1 0.558415 0.558415 1 0.223774 0 0 1 0 2 0 3 0.390923 4 0 5 0 6 0 7 0 8 0 9 0 10 0 11 0 12 0 13 0 14 0 15 0 16 0 17 0 18 0 19 0 
88 2 88 1 1e-10 0.414873 1 0.41402 0 0 1 0 2 0 3 0 4 0 5 0 6 0 7 0 8 0 9 0 10 0 11 0 12 0 13 0 14 0 15 0 16 0 17 0 18 0 19 0 
89 0 74 1 0.170932 0.170932 1 0.06079 0 0 1 0 2 0 3 0 4 0.505848 5 0 6 0 7 0 8 0 9 0 10 0 11 0 12 0 13 0 14 0 15 0 16 0 17 0 18 0 19 0 
89 1 85 1 0.558415 0.558415 1 0.223774 0 0 1 0 2 0 3 0.390923 4 0 5 0 6 0 7 0 8 0 9 0 10 0 11 0 12 0 13 0 14 0 15 0 16 0 17 0 18 0 19 0 
89 2 89 1 1e-10 0.414873 1 0.331439 0 0 1 0 2 0 3 0 4 0 5 0 6 0 7 0 8 0 9 0 10 0 11 0 12 0 13 0 14 0 15 0 16 0 17 0 18 0 19 0 
90 0 74 1 0.170932 0.170932 1 0.06079 0 0 1 0 2 0.505848 3 0 4 0 5 0 6 0 7 0 8 0 9 0 10 0 11 0 12 0 13 0 14 0 15 0 16 0 17 0 18 0 19 0 
90 1 85 1 0.558415 0.558415 1 0.223774 0 0 1 0 2 0 3 0.390923 4 0.516326 5 0 6 0 7 0 8 0 9 0 10 0 11 0 12 0 13 0 14 0 15 0 16 0 17 0 18 0 19 0 
91 0 74 1 0.170932 0.170932 1 0.06079 0 0 1 0 2 0.505848 3 0 4 0 5 0 6 0 7 0 8 0 9 0 10 0 11 0 12 0 13 0 14 0 15 0 16 0 17 0 18 0 19 0 
91 1 85 1 0.558415 0.558415 1 0.223774 0 0 1 0 2 0 3 0.390923 4 0 5 0 6 0 7 0 8 0 9 0 10 0 11 0 12 0 13 0 14 0 15 0 16 0 17 0 18 0 19 0 
92 0 74 1 0.170932 0.170932 1 0.06079 0 0 1 0 2 0.505848 3 0 4 0.232395 5 0 6 0 7 0 8 0 9 0 10 0 11 0 12 0 13 0 14 0 15 0 16 0 17 0 18 0 19 0 
92 1 85 1 0.558415 0.558415 1 0.223774 0 0 1 0 2 0 3 0.390923 4 0 5 0 6 0 7 0 8 0 9 0 10 0 11 0 12 0 13 0 14 0 15 0 16 0 17 0 18 0 19 0 
93 0 74 1 0.170932 0.170932 1 0.06079 0 0 1 0 2 0.505848 3 0 4 0 5 0 6 0 7 0 8 0 9 0 10 0 11 0 12 0 13 0 14 0 15 0 16 0 17 0 18 0 19 0 
93 1 85 1 0.558415 0.558415 1 0.223774 0 0 1 0 2 0 3 0.390923 4 0.560089 5 0 6 0 7 0 8 0 9 0 10 0 11 0 12 0 13 0 14 0 15 0 16 0 17 0 18 0 19 0 
94 0 74 1 0.170933 0.170932 1 0.06079 0 0 1 0 2 0 3 0 4 0.505848 5 0 6 0 7 0 8 0 9 0 10 0 11 0 12 0 13 0 14 0 15 0 16 0 17 0 18 0 19 0 
94 1 85 1 0.407315 0.407316 1 0.223774 0 0 1 0 2 0 3 0.560089 4 0 5 0 6 0 7 0 8 0 9 0 10 0 11 0 12 0 13 0 14 0 15 0 16 0 17 0 18 0 19 0 
94 2 94 1 1e-10 0.713578 1 0.346561 0 0 1 0 2 0 3 0 4 0 5 0 6 0 7 0 8 0 9 0 10 0 11 0 12 0 13 0 14 0 15 0 16 0 17 0 18 0 19 0 
95 0 74 1 0.171166 0.170932 1 0.06079 0 0 1 0 2 0 3 0 4 0.505848 5 0 6 0 7 0 8 0 9 0 10 0 11 0 12 0 13 0 14 0 15 0 16 0 17 0 18 0 19 0 
95 1 85 1 0.407054 0.407316 1 0.223774 0 0 1 0 2 0 3 0.560089 4 0 5 0 6 0 7 0 8 0 9 0 10 0 11 0 12 0 13 0 14 0 15 0 16 0 17 0 18 0 19 0 
95 2 94 1 0.075195 0.0751906 1 0.346561 0 0 1 0 2 0 3 0 4 0 5 0 6 0 7 0 8 0 9 0 10 0 11 0 12 0 13 0 14 0 15 0 16 0 17 0 18 0 19 0 
96 0 74 1 0.171104 0.170932 1 0.06079 0 0 1 0 2 0 3 0 4 0.505848 5 0 6 0 7 0 8 0 9 0 10 0 11 0 12 0 13 0 14 0 15 0 16 0 17 0 18 0 19 0 
96 1 85 1 0.407128 0.407316 1 0.223774 0 0 1 0 2 0 3 0.560089 4 0 5 0 6 0 7 0 8 0 9 0 10 0 11 0 12 0 13 0 14 0 15 0 16 0 17 0 18 0 19 0 
96 2 94 1 0.0751937 0.0751906 1 0.346561 0 0 1 0 2 0 3 0 4 0 5 0 6 0 7 0 8 0 9 0 10 0 11 0 12 0 13 0 14 0 15 0 16 0 17 0 18 0 19 0 
97 0 74 1 0.170981 0.170932 1 0.06079 0 0 1 0 2 0 3 0 4 0.505848 5 0 6 0 7 0 8 0 9 0 10 0 11 0 12 0 13 0 14 0 15 0 16 0 17 0 18 0 19 0 
97 1 85 1 0.407274 0.407316 1 0.223774 0 0 1 0 2 0 3 0.560089 4 0 5 0.289672 6 0 7 0 8 0 9 0 10 0 11 0 12 0 13 0 14 0 15 0 16 0 17 0 18 0 19 0 
97 2 94 1 0.0751914 0.0751906 1 0.346561 0 0 1 0 2 0 3 0 4 0 5 0 6 0 7 0 8 0 9 0 10 0 11 0 12 0 13 0 14 0 15 0 16 0 17 0 18 0 19 0 
98 0 74 1 0.170797 0.170932 1 0.06079 0 0 1 0 2 0 3 0 4 0.505848 5 0 6 0 7 0 8 0 9 0 10 0 11 0 12 0 13 0 14 0 15 0 16 0 17 0 18 0 19 0 
98 1 85 1 0.407454 0.407316 1 0.223774 0 0 1 0 2 0 3 0 4 0 5 0.560089 6 0 7 0 8 0 9 0 10 0 11 0 12 0 13 0 14 0 15 0 16 0 17 0 18 0 19 0 
98 2 94 1 0.0751883 0.0751906 1 0.346561 0 0 1 0 2 0 3 0 4 0 5 0 6 0 7 0 8 0 9 0 10 0 11 0 12 0 13 0 14 0 15 0 16 0 17 0 18 0 19 0 
98 3 98 1 1e-10 0.219228 1 0.0664126 0 0 1 0 2 0 3 0 4 0 5 0 6 0 7 0 8 0 9 0 10 0 11 0 12 0 13 0 14 0 15 0 16 0 17 0 18 0 19 0 
99 0 74 1 0.93921 0.93921 1 0.06079 0 0 1 0 2 0 3 0 4 0 5 0 6 0 7 0 8 0 9 0 10 0 11 0 12 0 13 0 14 0 15 0 16 0 17 0 18 0 19 0 
99 1 99 1 1e-10 0 1 0.374772 0 0 1 0 2 0 3 0 4 0 5 0 6 0 7 0 8 0 9 0 10 0 11 0 12 0 13 0 14 0 15 0 16 0 17 0 18 0 19 0 
100 0 74 1 0.93921 0.93921 1 0.06079 0 0 1 0 2 0 3 0 4 0 5 0 6 0 7 0 8 0 9 0 10 0 11 0 12 0 13 0 14 0 15 0 16 0 17 0 18 0 19 0 
100 1 100 1 1e-10 0 1 0.409514 0 0 1 0 2 0 3 0 4 0 5 0 6 0 7 0 8 0 9 0 10 0 11 0 12 0 13 0 14 0 15 0 16 0 17 0 18 0 19 0 
101 0 74 1 0.93921 0.93921 1 0.06079 0 0 1 0 2 0 3 0 4 0 5 0 6 0 7 0 8 0 9 0 10 0 11 0 12 0 13 0 14 0 15 0 16 0 17 0 18 0 19 0 
101 1 101 1 1e-10 0 1 0.288601 0 0 1 0 2 0 3 0 4 0 5 0 6 0 7 0 8 0 9 0 10 0 11 0 12 0 13 0 14 0 15 0 16 0 17 0 18 0 19 0 
102 0 74 1 0.93921 0.93921 1 0.06079 0 0 1 0.192177 2 0 3 0 4 0 5 0 6 0 7 0 8 0 9 0 10 0 11 0 12 0 13 0 14 0 15 0 16 0 17 0 18 0 19 0 
103 0 74 1 0.93921 0.93921 1 0.06079 0 0 1 0 2 0 3 0 4 0 5 0 6 0 7 0 8 0 9 0 10 0 11 0 12 0 13 0 14 0 15 0 16 0 17 0 18 0 19 0 
103 1 103 1 1e-10 0 1 0.10529 0 0 1 0 2 0 3 0 4 0 5 0 6 0 7 0 8 0 9 0 10 0 11 0 12 0 13 0 14 0 15 0 16 0 17 0 18 0 19 0 
104 0 74 1 0.93921 0.93921 1 0.06079 0 0 1 0 2 0 3 0 4 0 5 0 6 0 7 0 8 0 9 0 10 0 11 0 12 0 13 0 14 0 15 0 16 0 17 0 18 0 19 0 
104 1 104 1 1e-10 0 1 0.152577 0 0 1 0 2 0 3 0 4 0 5 0 6 0 7 0 8 0 9 0 10 0 11 0 12 0 13 0 14 0 15 0 16 0 17 0 18 0 19 0 
105 0 74 1 0.93921 0.93921 1 0.06079 0 0 1 0.134261 2 0 3 0 4 0 5 0 6 0 7 0 8 0 9 0 10 0 11 0 12 0 13 0 14 0 15 0 16 0 17 0 18 0 19 0 
106 0 74 1 0.93921 0.93921 1 0.06079 0 0 1 0.412991 2 0 3 0 4 0 5 0 6 0 7 0 8 0 9 0 10 0 11 0 12 0 13 0 14 0 15 0 16 0 17 0 18 0 19 0 
107 0 74 1 0.893664 0.893664 1 0.06079 0 0 1 0.412991 2 0.678686 3 0 4 0 5 0 6 0 7 0 8 0 9 0 10 0 11 0 12 0 13 0 14 0 15 0 16 0 17 0 18 0 19 0 
108 0 74 1 0.442624 0.442623 1 0.06079 0 0 1 0.678686 2 0.766763 3 0 4 0 5 0 6 0 7 0 8 0 9 0 10 0 11 0 12 0 13 0 14 0 15 0 16 0 17 0 18 0 19 0 
109 0 74 1 0.447556 0.447556 1 0.06079 0 0 1 0.766763 2 0 3 0 4 0 5 0 6 0 7 0 8 0 9 0 10 0 11 0 12 0 13 0 14 0 15 0 16 0 17 0 18 0 19 0 
110 0 74 1 0.809294 0.809294 1 0.06079 0 0 1 0 2 0 3 0.766763 4 0 5 0 6 0 7 0 8 0 9 0 10 0 11 0 12 0 13 0 14 0 15 0 16 0 17 0 18 0 19 0 
110 1 110 1 1e-10 0.169434 1 0.160851 0 0 1 0 2 0 3 0 4 0 5 0 6 0 7 0 8 0 9 0 10 0 11 0 12 0 13 0 14 0 15 0 16 0 17 0 18 0 19 0 
111 0 74 1 0.447556 0.447556 1 0.06079 0 0 1 0 2 0.766763 3 0 4 0 5 0 6 0 7 0 8 0 9 0 10 0 11 0 12 0 13 0 14 0 15 0 16 0 17 0 18 0 19 0 
111 1 110 1 0.391593 0.391593 1 0.160851 0 0 1 0 2 0 3 0 4 0 5 0 6 0 7 0 8 0 9 0 10 0 11 0 12 0 13 0 14 0 15 0 16 0 17 0 18 0 19 0 
112 0 74 1 0.447556 0.447556 1 0.06079 0 0 1 0 2 0.766763 3 0 4 0 5 0 6 0 7 0 8 0 9 0 10 0 11 0 12 0 13 0 14 0 15 0 16 0 17 0 18 0 19 0 
112 1 110 1 0.391593 0.391593 1 0.160851 0 0 1 0 2 0 3 0 4 0 5 0 6 0 7 0 8 0 9 0 10 0 11 0 12 0 13 0 14 0 15 0 16 0 17 0 18 0 19 0 
113 0 74 1 0.447556 0.447556 1 0.06079 0 0 1 0 2 0.766763 3 0.260437 4 0 5 0 6 0 7 0 8 0 9 0 10 0 11 0 12 0 13 0 14 0 15 0 16 0 17 0 18 0 19 0 
113 1 110 1 0.391593 0.391593 1 0.160851 0 0 1 0 2 0 3 0.0255329 4 0 5 0 6 0 7 0 8 0 9 0 10 0 11 0 12 0 13 0 14 0 15 0 16 0 17 0 18 0 19 0 
114 0 74 1 0.447556 0.447556 1 0.06079 0 0 1 0 2 0.766763 3 0 4 0 5 0 6 0 7 0 8 0 9 0 10 0 11 0 12 0 13 0 14 0 15 0 16 0 17 0 18 0 19 0 
114 1 110 1 0.391593 0.391593 1 0.160851 0 0 1 0 2 0 3 0.0421223 4 0 5 0 6 0 7 0 8 0 9 0 10 0 11 0 12 0 13 0 14 0 15 0 16 0 17 0 18 0 19 0 
115 0 74 1 0.447556 0.447556 1 0.06079 0 0 1 0 2 0.766763 3 0 4 0 5 0 6 0 7 0 8 0 9 0 10 0 11 0 12 0 13 0 14 0 15 0 16 0 17 0 18 0 19 0 
115 1 110 1 0.391593 0.391593 1 0.160851 0 0 1 0 2 0 3 0.857036 4 0 5 0 6 0 7 0 8 0 9 0 10 0 11 0 12 0 13 0 14 0 15 0 16 0 17 0 18 0 19 0 
116 0 74 1 0.447556 0.447556 1 0.06079 0 0 1 0 2 0.766763 3 0 4 0.903316 5 0 6 0 7 0 8 0 9 0 10 0 11 0 12 0 13 0 14 0 15 0 16 0 17 0 18 0 19 0 
116 1 110 1 0.114067 0.114067 1 0.160851 0 0 1 0 2 0 3 0.857036 4 0.781394 5 0 6 0 7 0 8 0 9 0 10 0 11 0 12 0 13 0 14 0 15 0 16 0 17 0 18 0 19 0 
117 0 74 1 0.329787 0.329787 1 0.06079 0 0 1 0 2 0.903316 3 0 4 0 5 0 6 0 7 0 8 0 9 0 10 0 11 0 12 0 13 0 14 0 15 0 16 0 17 0 18 0 19 0 
117 1 117 1 1e-10 0.674651 1 0.330127 0 0 1 0 2 0 3 0 4 0 5 0 6 0 7 0 8 0 9 0 10 0 11 0 12 0 13 0 14 0 15 0 16 0 17 0 18 0 19 0 
118 0 74 1 0.329787 0.329787 1 0.06079 0 0 1 0 2 0 3 0.903316 4 0 5 0 6 0 7 0 8 0 9 0 10 0 11 0 12 0 13 0 14 0 15 0 16 0 17 0 18 0 19 0 
118 1 117 1 0.340086 0.340086 1 0.330127 0 0 1 0 2 0 3 0 4 0 5 0 6 0 7 0 8 0 9 0 10 0 11 0 12 0 13 0 14 0 15 0 16 0 17 0 18 0 19 0 
118 2 118 1 1e-10 0.298165 1 0.0740698 0 0 1 0 2 0 3 0 4 0 5 0 6 0 7 0 8 0 9 0 10 0 11 0 12 0 13 0 14 0 15 0 16 0 17 0 18 0 19 0 
