0 1 1 1 1
1 2 0 0 01
1 1 1 1 1
2 2 1 1 1
3 3 0 0 03
3 2 1 1 1
4 3 1 1 1
5 4 0 0 05
5 3 1 1 1
6 4 0 0 04
6 3 1 1 1
7 4 0 0 07
7 3 1 1 1
8 4 0 0 02
8 3 1 1 1
9 4 0 0 08
9 3 1 1 1
10 4 0 0 010
10 3 1 1 1
11 4 0 0 011
11 3 1 1 1
12 4 0 0 012
12 3 1 1 1
13 4 0 0 06
13 3 0 0 09
13 2 0 0 00
13 1 1 1 1
14 2 0 0 014
14 1 1 1 1
15 2 0 0 015
15 1 1 1 1
16 2 0 0 013
16 1 1 1 1
17 2 0 0 017
17 1 1 1 1
18 2 0 0 018
18 1 1 1 1
19 2 1 1 1
20 3 1 1 1
21 4 0 0 021
21 3 1 1 1
22 4 0 0 019
22 3 0 0 016
22 2 1 1 1
23 3 0 0 022
23 2 1 1 1
24 3 1 1 1
25 4 0 0 025
25 3 1 1 1
26 4 0 0 024
26 3 1 1 1
27 4 1 1 1
28 5 0 0 028
28 4 1 1 1
29 5 0 0 029
29 4 1 1 1
30 5 0 0 027
30 4 0 0 026
30 3 1 1 1
31 4 0 0 031
31 3 1 1 1
32 4 0 0 032
32 3 1 1 1
33 4 0 0 033
33 3 1 1 1
34 4 0 0 034
34 3 1 1 1
35 4 1 1 1
36 5 0 0 036
36 4 1 1 1
37 5 0 0 037
37 4 1 1 1
38 5 0 0 038
38 4 1 1 1
39 5 0 0 035
39 4 0 0 023
39 3 0 0 030
39 2 0 0 020
39 1 1 1 1
40 2 0 0 040
40 1 1 1 1
41 2 0 0 041
41 1 1 1 1
42 2 0 0 042
42 1 1 1 1
43 2 0 0 043
43 1 1 1 1
44 2 0 0 044
44 1 1 1 1
45 2 1 1 1
46 3 1 1 1
47 4 0 0 045
47 3 0 0 046
47 2 0 0 039
47 1 1 1 1
48 2 0 0 048
48 1 1 1 1
49 2 0 0 049
49 1 1 1 1
50 2 1 1 1
51 3 0 0 051
51 2 1 1 1
52 3 0 0 050
52 2 1 1 1
53 3 0 0 052
53 2 1 1 1
54 3 0 0 053
54 2 1 1 1
55 3 0 0 055
55 2 1 1 1
56 3 0 0 056
56 2 1 1 1
57 3 0 0 047
57 2 0 0 054
57 1 1 1 1
58 2 0 0 058
58 1 1 1 1
59 2 0 0 059
59 1 1 1 1
60 2 0 0 060
60 1 1 1 1
61 2 0 0 061
61 1 1 1 1
62 2 1 1 1
63 3 1 1 1
64 4 1 0 064
64 3 1 1 1
65 4 0 0 063
65 3 1 1 1
66 4 0 0 065
66 3 1 1 1
67 4 0 0 062
67 3 0 0 057
67 2 1 1 1
68 3 1 1 1
69 4 0 0 067
69 3 0 0 068
69 2 0 0 066
69 1 1 1 1
70 2 1 1 1
71 3 0 0 070
71 2 1 1 1
72 3 1 1 1
73 4 0 0 073
73 3 1 1 1
74 4 0 0 072
74 3 0 0 071
74 2 0 0 069
74 1 1 1 1
75 2 0 0 075
75 1 1 1 1
76 2 1 1 1
77 3 0 0 077
77 2 1 1 1
78 3 0 0 078
78 2 1 1 1
79 3 1 1 1
80 4 0 0 079
80 3 1 1 076
80 2 0 0 080
80 1 1 1 1
81 2 1 1 1
82 3 0 0 082
82 2 1 1 1
83 3 0 0 083
83 2 1 1 1
84 3 0 0 081
84 2 1 1 1
85 3 1 1 1
86 4 1 1 1
87 5 0 0 086
87 4 1 1 1
88 5 0 0 088
88 4 1 1 1
89 5 0 0 089
89 4 1 1 1
90 5 0 0 090
90 4 1 1 1
91 5 0 0 091
91 4 1 1 1
92 5 0 0 092
92 4 1 1 1
93 5 0 0 087
93 4 1 1 1
94 5 1 1 1
95 6 0 0 095
95 5 1 1 1
96 6 0 0 096
96 5 1 1 1
97 6 0 0 097
97 5 1 1 1
98 6 0 0 094
98 5 0 0 093
98 4 0 0 085
98 3 1 1 084
98 2 0 0 098
98 1 1 1 1
99 2 0 0 099
99 1 1 1 1
100 2 0 0 0100
100 1 1 1 1
101 2 0 0 0101
101 1 1 1 1
102 2 0 0 0102
102 1 1 1 1
103 2 0 0 0103
103 1 1 1 1
104 2 0 0 0104
104 1 1 1 1
105 2 0 0 0105
105 1 1 1 1
106 2 1 1 1
107 3 0 0 0106
107 2 1 1 1
108 3 0 0 0107
108 2 1 1 1
109 3 1 1 1
110 4 0 0 0109
110 3 1 1 1
111 4 0 0 0111
111 3 1 1 1
112 4 0 0 0112
112 3 1 1 1
113 4 0 0 0113
113 3 1 1 1
114 4 0 0 0114
114 3 1 1 1
115 4 1 1 1
116 5 0 0 0115
116 4 0 0 0108
116 3 0 0 0110
116 2 1 1 1
117 3 1 1 1
118 4 0 0 0117
