29 5 -0.75685 0 -0.008517 0.126397 -0.008517 -0.126397 0.000867947 0.00555021 0.000867947 -0.00555021 0 0 0 0 0 0 0 0 0 0 0 0 0 0 0 0 0 0 0 0 0 0 0 0 0 0 0 0 0 0 
29 4 -0.758121 0 0.00217362 0 -0.00810032 0.127409 -0.00810032 -0.127409 0 0 0 0 0 0 0 0 0 0 0 0 0 0 0 0 0 0 0 0 0 0 0 0 0 0 0 0 0 0 0 0 
260 6 -0.539694 0 -0.0220885 0.202543 -0.0220885 -0.202543 -0.00797159 0.077543 -0.00797159 -0.077543 0.00682798 0 0 0 0 0 0 0 0 0 0 0 0 0 0 0 0 0 0 0 0 0 0 0 0 0 0 0 0 0 
464 6 -0.713623 0 -0.00469363 0.227702 -0.00469363 -0.227702 -0.0391491 0 0.00256532 0.126182 0.00256532 -0.126182 0 0 0 0 0 0 0 0 0 0 0 0 0 0 0 0 0 0 0 0 0 0 0 0 0 0 0 0 
465 6 -0.713623 0 -0.00469363 0.227702 -0.00469363 -0.227702 -0.0391491 0 0.00256532 0.126182 0.00256532 -0.126182 0 0 0 0 0 0 0 0 0 0 0 0 0 0 0 0 0 0 0 0 0 0 0 0 0 0 0 0 
466 6 -0.713623 0 -0.00469363 0.227702 -0.00469363 -0.227702 -0.0391491 0 0.00256532 0.126182 0.00256532 -0.126182 0 0 0 0 0 0 0 0 0 0 0 0 0 0 0 0 0 0 0 0 0 0 0 0 0 0 0 0 
467 6 -0.713623 0 -0.00469363 0.227702 -0.00469363 -0.227702 -0.0391491 0 0.00256532 0.126182 0.00256532 -0.126182 0 0 0 0 0 0 0 0 0 0 0 0 0 0 0 0 0 0 0 0 0 0 0 0 0 0 0 0 
468 6 -0.713623 0 -0.00469363 0.227702 -0.00469363 -0.227702 -0.0391491 0 0.00256532 0.126182 0.00256532 -0.126182 0 0 0 0 0 0 0 0 0 0 0 0 0 0 0 0 0 0 0 0 0 0 0 0 0 0 0 0 
471 7 -0.710768 0 -0.00304645 0.274831 -0.00304645 -0.274831 0.00277428 0.133391 0.00277428 -0.133391 -0.0244553 0.130238 -0.0244553 -0.130238 0 0 0 0 0 0 0 0 0 0 0 0 0 0 0 0 0 0 0 0 0 0 0 0 0 0 
505 6 -0.544387 0 -0.0218567 0.285731 -0.0218567 -0.285731 0.000452485 0.0879358 0.000452485 -0.0879358 -0.0759897 0 0 0 0 0 0 0 0 0 0 0 0 0 0 0 0 0 0 0 0 0 0 0 0 0 0 0 0 0 
506 7 -0.568303 0 -0.0207062 0.279728 -0.0207062 -0.279728 0.000484821 0.0859192 0.000484821 -0.0859192 -0.0494451 0 -0.0175824 0 0 0 0 0 0 0 0 0 0 0 0 0 0 0 0 0 0 0 0 0 0 0 0 0 0 0 
507 7 -0.678294 0 -0.0152893 0.244227 -0.0152893 -0.244227 0.000886356 0.0741337 0.000886356 -0.0741337 -0.0177091 0.0547839 -0.0177091 -0.0547839 0 0 0 0 0 0 0 0 0 0 0 0 0 0 0 0 0 0 0 0 0 0 0 0 0 0 
508 7 -0.678294 0 -0.0152893 0.244227 -0.0152893 -0.244227 0.000886356 0.0741337 0.000886356 -0.0741337 -0.0177091 0.0547839 -0.0177091 -0.0547839 0 0 0 0 0 0 0 0 0 0 0 0 0 0 0 0 0 0 0 0 0 0 0 0 0 0 
509 7 -0.678294 0 -0.0152893 0.244227 -0.0152893 -0.244227 0.000886356 0.0741337 0.000886356 -0.0741337 -0.0177091 0.0547839 -0.0177091 -0.0547839 0 0 0 0 0 0 0 0 0 0 0 0 0 0 0 0 0 0 0 0 0 0 0 0 0 0 
510 7 -0.678294 0 -0.0152893 0.244227 -0.0152893 -0.244227 0.000886356 0.0741337 0.000886356 -0.0741337 -0.0177091 0.0547839 -0.0177091 -0.0547839 0 0 0 0 0 0 0 0 0 0 0 0 0 0 0 0 0 0 0 0 0 0 0 0 0 0 
511 8 -0.62994 0 -0.0180255 0.261811 -0.0180255 -0.261811 0.000261756 0.0802289 0.000261756 -0.0802289 -0.0234682 0 -0.0126214 0.0452453 -0.0126214 -0.0452453 0 0 0 0 0 0 0 0 0 0 0 0 0 0 0 0 0 0 0 0 0 0 0 0 
512 8 -0.62994 0 -0.0180255 0.261811 -0.0180255 -0.261811 0.000261756 0.0802289 0.000261756 -0.0802289 -0.0234682 0 -0.0126214 0.0452453 -0.0126214 -0.0452453 0 0 0 0 0 0 0 0 0 0 0 0 0 0 0 0 0 0 0 0 0 0 0 0 
513 7 -0.691435 0 -0.0146518 0.238996 -0.0146518 -0.238996 0.000991404 0.072409 0.000991404 -0.072409 -0.0162949 0.0562859 -0.0162949 -0.0562859 0 0 0 0 0 0 0 0 0 0 0 0 0 0 0 0 0 0 0 0 0 0 0 0 0 0 
514 7 -0.691435 0 -0.0146518 0.238996 -0.0146518 -0.238996 0.000991404 0.072409 0.000991404 -0.072409 -0.0162949 0.0562859 -0.0162949 -0.0562859 0 0 0 0 0 0 0 0 0 0 0 0 0 0 0 0 0 0 0 0 0 0 0 0 0 0 
515 7 -0.736433 0 -0.00534048 0.175753 -0.00534048 -0.175753 0.000248583 0.0340586 0.000248583 -0.0340586 -0.00236432 0.0864148 -0.00236432 -0.0864148 0 0 0 0 0 0 0 0 0 0 0 0 0 0 0 0 0 0 0 0 0 0 0 0 0 0 
522 8 -0.571501 0 -0.0354943 0.243524 -0.0354943 -0.243524 0.000492262 0.116409 0.000492262 -0.116409 -0.0284006 0 -0.0049614 0.069372 -0.0049614 -0.069372 0 0 0 0 0 0 0 0 0 0 0 0 0 0 0 0 0 0 0 0 0 0 0 0 
533 5 -0.95593 0 0.000176264 0.0266548 0.000176264 -0.0266548 -0.000605408 0.00430158 -0.000605408 -0.00430158 0 0 0 0 0 0 0 0 0 0 0 0 0 0 0 0 0 0 0 0 0 0 0 0 0 0 0 0 0 0 
534 5 -0.95593 0 0.000176264 0.0266548 0.000176264 -0.0266548 -0.000605408 0.00430158 -0.000605408 -0.00430158 0 0 0 0 0 0 0 0 0 0 0 0 0 0 0 0 0 0 0 0 0 0 0 0 0 0 0 0 0 0 
535 5 -0.95593 0 0.000176264 0.0266548 0.000176264 -0.0266548 -0.000605408 0.00430158 -0.000605408 -0.00430158 0 0 0 0 0 0 0 0 0 0 0 0 0 0 0 0 0 0 0 0 0 0 0 0 0 0 0 0 0 0 
536 6 -0.931845 0 1.31877e-05 0.0306237 1.31877e-05 -0.0306237 -0.00636511 0 -0.000317793 0.006409 -0.000317793 -0.006409 0 0 0 0 0 0 0 0 0 0 0 0 0 0 0 0 0 0 0 0 0 0 0 0 0 0 0 0 
784 4 -0.773207 0 0.00144293 0.165722 0.00144293 -0.165722 -0.0379836 0 0 0 0 0 0 0 0 0 0 0 0 0 0 0 0 0 0 0 0 0 0 0 0 0 0 0 0 0 0 0 0 0 
785 4 -0.773207 0 0.00144293 0.165722 0.00144293 -0.165722 -0.0379836 0 0 0 0 0 0 0 0 0 0 0 0 0 0 0 0 0 0 0 0 0 0 0 0 0 0 0 0 0 0 0 0 0 
786 4 -0.773207 0 0.00144293 0.165722 0.00144293 -0.165722 -0.0379836 0 0 0 0 0 0 0 0 0 0 0 0 0 0 0 0 0 0 0 0 0 0 0 0 0 0 0 0 0 0 0 0 0 
787 4 -0.773207 0 0.00144293 0.165722 0.00144293 -0.165722 -0.0379836 0 0 0 0 0 0 0 0 0 0 0 0 0 0 0 0 0 0 0 0 0 0 0 0 0 0 0 0 0 0 0 0 0 
930 4 -0.9106 0 0.00121556 0.102327 0.00121556 -0.102327 -0.0136972 0 0 0 0 0 0 0 0 0 0 0 0 0 0 0 0 0 0 0 0 0 0 0 0 0 0 0 0 0 0 0 0 0 
931 4 -0.9106 0 0.00121556 0.102327 0.00121556 -0.102327 -0.0136972 0 0 0 0 0 0 0 0 0 0 0 0 0 0 0 0 0 0 0 0 0 0 0 0 0 0 0 0 0 0 0 0 0 
932 4 -0.9106 0 0.00121556 0.102327 0.00121556 -0.102327 -0.0136972 0 0 0 0 0 0 0 0 0 0 0 0 0 0 0 0 0 0 0 0 0 0 0 0 0 0 0 0 0 0 0 0 0 
933 4 -0.9106 0 0.00121556 0.102327 0.00121556 -0.102327 -0.0136972 0 0 0 0 0 0 0 0 0 0 0 0 0 0 0 0 0 0 0 0 0 0 0 0 0 0 0 0 0 0 0 0 0 
934 4 -0.9106 0 0.00121556 0.102327 0.00121556 -0.102327 -0.0136972 0 0 0 0 0 0 0 0 0 0 0 0 0 0 0 0 0 0 0 0 0 0 0 0 0 0 0 0 0 0 0 0 0 
1227 5 -0.930065 0 6.55283e-05 0.075044 6.55283e-05 -0.075044 -0.00373186 0.0354101 -0.00373186 -0.0354101 0 0 0 0 0 0 0 0 0 0 0 0 0 0 0 0 0 0 0 0 0 0 0 0 0 0 0 0 0 0 
1228 5 -0.930065 0 6.55283e-05 0.075044 6.55283e-05 -0.075044 -0.00373186 0.0354101 -0.00373186 -0.0354101 0 0 0 0 0 0 0 0 0 0 0 0 0 0 0 0 0 0 0 0 0 0 0 0 0 0 0 0 0 0 
1254 8 -0.86958 0 -0.000377146 0.121922 -0.000377146 -0.121922 -0.00419689 0.0767106 -0.00419689 -0.0767106 -0.00180277 0.038171 -0.00180277 -0.038171 0.000769836 0 0 0 0 0 0 0 0 0 0 0 0 0 0 0 0 0 0 0 0 0 0 0 0 0 
1334 4 -0.874259 0 -0.0131734 0 0.00076913 0.131863 0.00076913 -0.131863 0 0 0 0 0 0 0 0 0 0 0 0 0 0 0 0 0 0 0 0 0 0 0 0 0 0 0 0 0 0 0 0 
1335 4 -0.874259 0 -0.0131734 0 0.00076913 0.131863 0.00076913 -0.131863 0 0 0 0 0 0 0 0 0 0 0 0 0 0 0 0 0 0 0 0 0 0 0 0 0 0 0 0 0 0 0 0 
1336 4 -0.874259 0 -0.0131734 0 0.00076913 0.131863 0.00076913 -0.131863 0 0 0 0 0 0 0 0 0 0 0 0 0 0 0 0 0 0 0 0 0 0 0 0 0 0 0 0 0 0 0 0 
1337 4 -0.874259 0 -0.0131734 0 0.00076913 0.131863 0.00076913 -0.131863 0 0 0 0 0 0 0 0 0 0 0 0 0 0 0 0 0 0 0 0 0 0 0 0 0 0 0 0 0 0 0 0 
1350 6 -0.762615 0 -0.00547823 0.230136 -0.00547823 -0.230136 -0.013367 0 0.00372821 0.0797082 0.00372821 -0.0797082 0 0 0 0 0 0 0 0 0 0 0 0 0 0 0 0 0 0 0 0 0 0 0 0 0 0 0 0 
1382 5 -0.908541 0 0.00102656 0.109506 0.00102656 -0.109506 -0.00636794 0.0348731 -0.00636794 -0.0348731 0 0 0 0 0 0 0 0 0 0 0 0 0 0 0 0 0 0 0 0 0 0 0 0 0 0 0 0 0 0 
1383 5 -0.908541 0 0.00102656 0.109506 0.00102656 -0.109506 -0.00636794 0.0348731 -0.00636794 -0.0348731 0 0 0 0 0 0 0 0 0 0 0 0 0 0 0 0 0 0 0 0 0 0 0 0 0 0 0 0 0 0 
1384 5 -0.908541 0 0.00102656 0.109506 0.00102656 -0.109506 -0.00636794 0.0348731 -0.00636794 -0.0348731 0 0 0 0 0 0 0 0 0 0 0 0 0 0 0 0 0 0 0 0 0 0 0 0 0 0 0 0 0 0 
1385 5 -0.908541 0 0.00102656 0.109506 0.00102656 -0.109506 -0.00636794 0.0348731 -0.00636794 -0.0348731 0 0 0 0 0 0 0 0 0 0 0 0 0 0 0 0 0 0 0 0 0 0 0 0 0 0 0 0 0 0 
1386 5 -0.908541 0 0.00102656 0.109506 0.00102656 -0.109506 -0.00636794 0.0348731 -0.00636794 -0.0348731 0 0 0 0 0 0 0 0 0 0 0 0 0 0 0 0 0 0 0 0 0 0 0 0 0 0 0 0 0 0 
1387 5 -0.906864 0 0.00131909 0.124239 0.00131909 -0.124239 -0.00749892 0.0238368 -0.00749892 -0.0238368 0 0 0 0 0 0 0 0 0 0 0 0 0 0 0 0 0 0 0 0 0 0 0 0 0 0 0 0 0 0 
1388 5 -0.906864 0 0.00131909 0.124239 0.00131909 -0.124239 -0.00749892 0.0238368 -0.00749892 -0.0238368 0 0 0 0 0 0 0 0 0 0 0 0 0 0 0 0 0 0 0 0 0 0 0 0 0 0 0 0 0 0 
1389 5 -0.906864 0 0.00131909 0.124239 0.00131909 -0.124239 -0.00749892 0.0238368 -0.00749892 -0.0238368 0 0 0 0 0 0 0 0 0 0 0 0 0 0 0 0 0 0 0 0 0 0 0 0 0 0 0 0 0 0 
1390 5 -0.906864 0 0.00131909 0.124239 0.00131909 -0.124239 -0.00749892 0.0238368 -0.00749892 -0.0238368 0 0 0 0 0 0 0 0 0 0 0 0 0 0 0 0 0 0 0 0 0 0 0 0 0 0 0 0 0 0 
1391 5 -0.906864 0 0.00131909 0.124239 0.00131909 -0.124239 -0.00749892 0.0238368 -0.00749892 -0.0238368 0 0 0 0 0 0 0 0 0 0 0 0 0 0 0 0 0 0 0 0 0 0 0 0 0 0 0 0 0 0 
1392 5 -0.906864 0 0.00131909 0.124239 0.00131909 -0.124239 -0.00749892 0.0238368 -0.00749892 -0.0238368 0 0 0 0 0 0 0 0 0 0 0 0 0 0 0 0 0 0 0 0 0 0 0 0 0 0 0 0 0 0 
1393 5 -0.906864 0 0.00131909 0.124239 0.00131909 -0.124239 -0.00749892 0.0238368 -0.00749892 -0.0238368 0 0 0 0 0 0 0 0 0 0 0 0 0 0 0 0 0 0 0 0 0 0 0 0 0 0 0 0 0 0 
1394 5 -0.927472 0 0.000677463 0.0988916 0.000677463 -0.0988916 -0.00418742 0.0217123 -0.00418742 -0.0217123 0 0 0 0 0 0 0 0 0 0 0 0 0 0 0 0 0 0 0 0 0 0 0 0 0 0 0 0 0 0 
1395 5 -0.927472 0 0.000677463 0.0988916 0.000677463 -0.0988916 -0.00418742 0.0217123 -0.00418742 -0.0217123 0 0 0 0 0 0 0 0 0 0 0 0 0 0 0 0 0 0 0 0 0 0 0 0 0 0 0 0 0 0 
1396 5 -0.927472 0 0.000677463 0.0988916 0.000677463 -0.0988916 -0.00418742 0.0217123 -0.00418742 -0.0217123 0 0 0 0 0 0 0 0 0 0 0 0 0 0 0 0 0 0 0 0 0 0 0 0 0 0 0 0 0 0 
1397 5 -0.927472 0 0.000677463 0.0988916 0.000677463 -0.0988916 -0.00418742 0.0217123 -0.00418742 -0.0217123 0 0 0 0 0 0 0 0 0 0 0 0 0 0 0 0 0 0 0 0 0 0 0 0 0 0 0 0 0 0 
1398 5 -0.927472 0 0.000677463 0.0988916 0.000677463 -0.0988916 -0.00418742 0.0217123 -0.00418742 -0.0217123 0 0 0 0 0 0 0 0 0 0 0 0 0 0 0 0 0 0 0 0 0 0 0 0 0 0 0 0 0 0 
1399 5 -0.927472 0 0.000677463 0.0988916 0.000677463 -0.0988916 -0.00418742 0.0217123 -0.00418742 -0.0217123 0 0 0 0 0 0 0 0 0 0 0 0 0 0 0 0 0 0 0 0 0 0 0 0 0 0 0 0 0 0 
1400 5 -0.927472 0 0.000677463 0.0988916 0.000677463 -0.0988916 -0.00418742 0.0217123 -0.00418742 -0.0217123 0 0 0 0 0 0 0 0 0 0 0 0 0 0 0 0 0 0 0 0 0 0 0 0 0 0 0 0 0 0 
1401 5 -0.927472 0 0.000677463 0.0988916 0.000677463 -0.0988916 -0.00418742 0.0217123 -0.00418742 -0.0217123 0 0 0 0 0 0 0 0 0 0 0 0 0 0 0 0 0 0 0 0 0 0 0 0 0 0 0 0 0 0 
1402 5 -0.927472 0 0.000677463 0.0988916 0.000677463 -0.0988916 -0.00418742 0.0217123 -0.00418742 -0.0217123 0 0 0 0 0 0 0 0 0 0 0 0 0 0 0 0 0 0 0 0 0 0 0 0 0 0 0 0 0 0 
1403 5 -0.927472 0 0.000677463 0.0988916 0.000677463 -0.0988916 -0.00418742 0.0217123 -0.00418742 -0.0217123 0 0 0 0 0 0 0 0 0 0 0 0 0 0 0 0 0 0 0 0 0 0 0 0 0 0 0 0 0 0 
1500 4 -0.947789 0 0.000617348 0.0744956 0.000617348 -0.0744956 -0.00669975 0 0 0 0 0 0 0 0 0 0 0 0 0 0 0 0 0 0 0 0 0 0 0 0 0 0 0 0 0 0 0 0 0 
1501 4 -0.947789 0 0.000617348 0.0744956 0.000617348 -0.0744956 -0.00669975 0 0 0 0 0 0 0 0 0 0 0 0 0 0 0 0 0 0 0 0 0 0 0 0 0 0 0 0 0 0 0 0 0 
1661 5 -0.775695 0 -0.0170657 0.156477 -0.0170657 -0.156477 0.00119904 0.0104095 0.00119904 -0.0104095 0 0 0 0 0 0 0 0 0 0 0 0 0 0 0 0 0 0 0 0 0 0 0 0 0 0 0 0 0 0 
1661 4 -0.773399 0 -0.0208799 0.159753 -0.0208799 -0.159753 0.00401393 0 0 0 0 0 0 0 0 0 0 0 0 0 0 0 0 0 0 0 0 0 0 0 0 0 0 0 0 0 0 0 0 0 
1670 5 -0.763215 0 0.000552438 0.137579 0.000552438 -0.137579 -0.00708827 0.0955022 -0.00708827 -0.0955022 0 0 0 0 0 0 0 0 0 0 0 0 0 0 0 0 0 0 0 0 0 0 0 0 0 0 0 0 0 0 
1677 5 -0.946787 0 2.4144e-06 0.059275 2.4144e-06 -0.059275 -0.000284661 0.0262485 -0.000284661 -0.0262485 0 0 0 0 0 0 0 0 0 0 0 0 0 0 0 0 0 0 0 0 0 0 0 0 0 0 0 0 0 0 
1729 5 -0.933687 0 0.00105147 0.122335 0.00105147 -0.122335 -0.00738448 0.0374655 -0.00738448 -0.0374655 0 0 0 0 0 0 0 0 0 0 0 0 0 0 0 0 0 0 0 0 0 0 0 0 0 0 0 0 0 0 
1730 5 -0.933687 0 0.00105147 0.122335 0.00105147 -0.122335 -0.00738448 0.0374655 -0.00738448 -0.0374655 0 0 0 0 0 0 0 0 0 0 0 0 0 0 0 0 0 0 0 0 0 0 0 0 0 0 0 0 0 0 
1731 5 -0.933687 0 0.00105147 0.122335 0.00105147 -0.122335 -0.00738448 0.0374655 -0.00738448 -0.0374655 0 0 0 0 0 0 0 0 0 0 0 0 0 0 0 0 0 0 0 0 0 0 0 0 0 0 0 0 0 0 
1732 5 -0.933687 0 0.00105147 0.122335 0.00105147 -0.122335 -0.00738448 0.0374655 -0.00738448 -0.0374655 0 0 0 0 0 0 0 0 0 0 0 0 0 0 0 0 0 0 0 0 0 0 0 0 0 0 0 0 0 0 
1733 5 -0.933687 0 0.00105147 0.122335 0.00105147 -0.122335 -0.00738448 0.0374655 -0.00738448 -0.0374655 0 0 0 0 0 0 0 0 0 0 0 0 0 0 0 0 0 0 0 0 0 0 0 0 0 0 0 0 0 0 
1734 5 -0.933687 0 0.00105147 0.122335 0.00105147 -0.122335 -0.00738448 0.0374655 -0.00738448 -0.0374655 0 0 0 0 0 0 0 0 0 0 0 0 0 0 0 0 0 0 0 0 0 0 0 0 0 0 0 0 0 0 
1735 5 -0.933687 0 0.00105147 0.122335 0.00105147 -0.122335 -0.00738448 0.0374655 -0.00738448 -0.0374655 0 0 0 0 0 0 0 0 0 0 0 0 0 0 0 0 0 0 0 0 0 0 0 0 0 0 0 0 0 0 
1789 7 -0.655837 0 -0.00452327 0.207511 -0.00452327 -0.207511 5.88889e-05 0.137257 5.88889e-05 -0.137257 -0.0139891 0.0805066 -0.0139891 -0.0805066 0 0 0 0 0 0 0 0 0 0 0 0 0 0 0 0 0 0 0 0 0 0 0 0 0 0 
1790 7 -0.655837 0 -0.00452327 0.207511 -0.00452327 -0.207511 5.88889e-05 0.137257 5.88889e-05 -0.137257 -0.0139891 0.0805066 -0.0139891 -0.0805066 0 0 0 0 0 0 0 0 0 0 0 0 0 0 0 0 0 0 0 0 0 0 0 0 0 0 
1791 7 -0.655837 0 -0.00452327 0.207511 -0.00452327 -0.207511 5.88889e-05 0.137257 5.88889e-05 -0.137257 -0.0139891 0.0805066 -0.0139891 -0.0805066 0 0 0 0 0 0 0 0 0 0 0 0 0 0 0 0 0 0 0 0 0 0 0 0 0 0 
1792 7 -0.888885 0 -0.00688881 0.159657 -0.00688881 -0.159657 -0.00469032 0.0394478 -0.00469032 -0.0394478 0.00074886 0.0782945 0.00074886 -0.0782945 0 0 0 0 0 0 0 0 0 0 0 0 0 0 0 0 0 0 0 0 0 0 0 0 0 0 
1793 7 -0.888885 0 -0.00688881 0.159657 -0.00688881 -0.159657 -0.00469032 0.0394478 -0.00469032 -0.0394478 0.00074886 0.0782945 0.00074886 -0.0782945 0 0 0 0 0 0 0 0 0 0 0 0 0 0 0 0 0 0 0 0 0 0 0 0 0 0 
1794 7 -0.888885 0 -0.00688881 0.159657 -0.00688881 -0.159657 -0.00469032 0.0394478 -0.00469032 -0.0394478 0.00074886 0.0782945 0.00074886 -0.0782945 0 0 0 0 0 0 0 0 0 0 0 0 0 0 0 0 0 0 0 0 0 0 0 0 0 0 
1795 7 -0.888885 0 -0.00688881 0.159657 -0.00688881 -0.159657 -0.00469032 0.0394478 -0.00469032 -0.0394478 0.00074886 0.0782945 0.00074886 -0.0782945 0 0 0 0 0 0 0 0 0 0 0 0 0 0 0 0 0 0 0 0 0 0 0 0 0 0 
1796 7 -0.888885 0 -0.00688881 0.159657 -0.00688881 -0.159657 -0.00469032 0.0394478 -0.00469032 -0.0394478 0.00074886 0.0782945 0.00074886 -0.0782945 0 0 0 0 0 0 0 0 0 0 0 0 0 0 0 0 0 0 0 0 0 0 0 0 0 0 
1797 7 -0.888885 0 -0.00688881 0.159657 -0.00688881 -0.159657 -0.00469032 0.0394478 -0.00469032 -0.0394478 0.00074886 0.0782945 0.00074886 -0.0782945 0 0 0 0 0 0 0 0 0 0 0 0 0 0 0 0 0 0 0 0 0 0 0 0 0 0 
1798 7 -0.927337 0 0.000126178 0.0663728 0.000126178 -0.0663728 0.000217296 0.0609468 0.000217296 -0.0609468 -0.00135401 0.0416211 -0.00135401 -0.0416211 0 0 0 0 0 0 0 0 0 0 0 0 0 0 0 0 0 0 0 0 0 0 0 0 0 0 
1799 7 -0.927405 0 9.60125e-05 0.0660411 9.60125e-05 -0.0660411 0.000204485 0.0605757 0.000204485 -0.0605757 -0.00127715 0.0415106 -0.00127715 -0.0415106 0 0 0 0 0 0 0 0 0 0 0 0 0 0 0 0 0 0 0 0 0 0 0 0 0 0 
1800 7 -0.927405 0 9.60125e-05 0.0660411 9.60125e-05 -0.0660411 0.000204485 0.0605757 0.000204485 -0.0605757 -0.00127715 0.0415106 -0.00127715 -0.0415106 0 0 0 0 0 0 0 0 0 0 0 0 0 0 0 0 0 0 0 0 0 0 0 0 0 0 
1801 7 -0.927405 0 9.60125e-05 0.0660411 9.60125e-05 -0.0660411 0.000204485 0.0605757 0.000204485 -0.0605757 -0.00127715 0.0415106 -0.00127715 -0.0415106 0 0 0 0 0 0 0 0 0 0 0 0 0 0 0 0 0 0 0 0 0 0 0 0 0 0 
1802 7 -0.927405 0 9.60125e-05 0.0660411 9.60125e-05 -0.0660411 0.000204485 0.0605757 0.000204485 -0.0605757 -0.00127715 0.0415106 -0.00127715 -0.0415106 0 0 0 0 0 0 0 0 0 0 0 0 0 0 0 0 0 0 0 0 0 0 0 0 0 0 
1803 7 -0.927405 0 9.60125e-05 0.0660411 9.60125e-05 -0.0660411 0.000204485 0.0605757 0.000204485 -0.0605757 -0.00127715 0.0415106 -0.00127715 -0.0415106 0 0 0 0 0 0 0 0 0 0 0 0 0 0 0 0 0 0 0 0 0 0 0 0 0 0 
1804 7 -0.927405 0 9.60125e-05 0.0660411 9.60125e-05 -0.0660411 0.000204485 0.0605757 0.000204485 -0.0605757 -0.00127715 0.0415106 -0.00127715 -0.0415106 0 0 0 0 0 0 0 0 0 0 0 0 0 0 0 0 0 0 0 0 0 0 0 0 0 0 
1805 7 -0.927405 0 9.60125e-05 0.0660411 9.60125e-05 -0.0660411 0.000204485 0.0605757 0.000204485 -0.0605757 -0.00127715 0.0415106 -0.00127715 -0.0415106 0 0 0 0 0 0 0 0 0 0 0 0 0 0 0 0 0 0 0 0 0 0 0 0 0 0 
1806 7 -0.927405 0 9.60125e-05 0.0660411 9.60125e-05 -0.0660411 0.000204485 0.0605757 0.000204485 -0.0605757 -0.00127715 0.0415106 -0.00127715 -0.0415106 0 0 0 0 0 0 0 0 0 0 0 0 0 0 0 0 0 0 0 0 0 0 0 0 0 0 
1807 7 -0.927405 0 9.60125e-05 0.0660411 9.60125e-05 -0.0660411 0.000204485 0.0605757 0.000204485 -0.0605757 -0.00127715 0.0415106 -0.00127715 -0.0415106 0 0 0 0 0 0 0 0 0 0 0 0 0 0 0 0 0 0 0 0 0 0 0 0 0 0 
1808 7 -0.927405 0 9.60125e-05 0.0660411 9.60125e-05 -0.0660411 0.000204485 0.0605757 0.000204485 -0.0605757 -0.00127715 0.0415106 -0.00127715 -0.0415106 0 0 0 0 0 0 0 0 0 0 0 0 0 0 0 0 0 0 0 0 0 0 0 0 0 0 
1809 7 -0.927405 0 9.60125e-05 0.0660411 9.60125e-05 -0.0660411 0.000204485 0.0605757 0.000204485 -0.0605757 -0.00127715 0.0415106 -0.00127715 -0.0415106 0 0 0 0 0 0 0 0 0 0 0 0 0 0 0 0 0 0 0 0 0 0 0 0 0 0 
1810 7 -0.927405 0 9.60125e-05 0.0660411 9.60125e-05 -0.0660411 0.000204485 0.0605757 0.000204485 -0.0605757 -0.00127715 0.0415106 -0.00127715 -0.0415106 0 0 0 0 0 0 0 0 0 0 0 0 0 0 0 0 0 0 0 0 0 0 0 0 0 0 
1811 7 -0.927405 0 9.60125e-05 0.0660411 9.60125e-05 -0.0660411 0.000204485 0.0605757 0.000204485 -0.0605757 -0.00127715 0.0415106 -0.00127715 -0.0415106 0 0 0 0 0 0 0 0 0 0 0 0 0 0 0 0 0 0 0 0 0 0 0 0 0 0 
1812 7 -0.927405 0 9.60125e-05 0.0660411 9.60125e-05 -0.0660411 0.000204485 0.0605757 0.000204485 -0.0605757 -0.00127715 0.0415106 -0.00127715 -0.0415106 0 0 0 0 0 0 0 0 0 0 0 0 0 0 0 0 0 0 0 0 0 0 0 0 0 0 
1813 7 -0.927405 0 9.60125e-05 0.0660411 9.60125e-05 -0.0660411 0.000204485 0.0605757 0.000204485 -0.0605757 -0.00127715 0.0415106 -0.00127715 -0.0415106 0 0 0 0 0 0 0 0 0 0 0 0 0 0 0 0 0 0 0 0 0 0 0 0 0 0 
1818 9 -0.873887 0 0.000804053 0.12067 0.000804053 -0.12067 -0.000105028 0.088355 -0.000105028 -0.088355 0.000174844 0.0746274 0.000174844 -0.0746274 -0.00522943 0.0287513 -0.00522943 -0.0287513 0 0 0 0 0 0 0 0 0 0 0 0 0 0 0 0 0 0 0 0 0 0 
1819 9 -0.873887 0 0.000804053 0.12067 0.000804053 -0.12067 -0.000105028 0.088355 -0.000105028 -0.088355 0.000174844 0.0746274 0.000174844 -0.0746274 -0.00522943 0.0287513 -0.00522943 -0.0287513 0 0 0 0 0 0 0 0 0 0 0 0 0 0 0 0 0 0 0 0 0 0 
1820 9 -0.873887 0 0.000804053 0.12067 0.000804053 -0.12067 -0.000105028 0.088355 -0.000105028 -0.088355 0.000174844 0.0746274 0.000174844 -0.0746274 -0.00522943 0.0287513 -0.00522943 -0.0287513 0 0 0 0 0 0 0 0 0 0 0 0 0 0 0 0 0 0 0 0 0 0 
1821 9 -0.873887 0 0.000804053 0.12067 0.000804053 -0.12067 -0.000105028 0.088355 -0.000105028 -0.088355 0.000174844 0.0746274 0.000174844 -0.0746274 -0.00522943 0.0287513 -0.00522943 -0.0287513 0 0 0 0 0 0 0 0 0 0 0 0 0 0 0 0 0 0 0 0 0 0 
1822 9 -0.873887 0 0.000804053 0.12067 0.000804053 -0.12067 -0.000105028 0.088355 -0.000105028 -0.088355 0.000174844 0.0746274 0.000174844 -0.0746274 -0.00522943 0.0287513 -0.00522943 -0.0287513 0 0 0 0 0 0 0 0 0 0 0 0 0 0 0 0 0 0 0 0 0 0 
1823 9 -0.873887 0 0.000804053 0.12067 0.000804053 -0.12067 -0.000105028 0.088355 -0.000105028 -0.088355 0.000174844 0.0746274 0.000174844 -0.0746274 -0.00522943 0.0287513 -0.00522943 -0.0287513 0 0 0 0 0 0 0 0 0 0 0 0 0 0 0 0 0 0 0 0 0 0 
1824 9 -0.873887 0 0.000804053 0.12067 0.000804053 -0.12067 -0.000105028 0.088355 -0.000105028 -0.088355 0.000174844 0.0746274 0.000174844 -0.0746274 -0.00522943 0.0287513 -0.00522943 -0.0287513 0 0 0 0 0 0 0 0 0 0 0 0 0 0 0 0 0 0 0 0 0 0 
1825 9 -0.873887 0 0.000804053 0.12067 0.000804053 -0.12067 -0.000105028 0.088355 -0.000105028 -0.088355 0.000174844 0.0746274 0.000174844 -0.0746274 -0.00522943 0.0287513 -0.00522943 -0.0287513 0 0 0 0 0 0 0 0 0 0 0 0 0 0 0 0 0 0 0 0 0 0 
1826 9 -0.873887 0 0.000804053 0.12067 0.000804053 -0.12067 -0.000105028 0.088355 -0.000105028 -0.088355 0.000174844 0.0746274 0.000174844 -0.0746274 -0.00522943 0.0287513 -0.00522943 -0.0287513 0 0 0 0 0 0 0 0 0 0 0 0 0 0 0 0 0 0 0 0 0 0 
1827 9 -0.873887 0 0.000804053 0.12067 0.000804053 -0.12067 -0.000105028 0.088355 -0.000105028 -0.088355 0.000174844 0.0746274 0.000174844 -0.0746274 -0.00522943 0.0287513 -0.00522943 -0.0287513 0 0 0 0 0 0 0 0 0 0 0 0 0 0 0 0 0 0 0 0 0 0 
1828 9 -0.873887 0 0.000804053 0.12067 0.000804053 -0.12067 -0.000105028 0.088355 -0.000105028 -0.088355 0.000174844 0.0746274 0.000174844 -0.0746274 -0.00522943 0.0287513 -0.00522943 -0.0287513 0 0 0 0 0 0 0 0 0 0 0 0 0 0 0 0 0 0 0 0 0 0 
1829 9 -0.873887 0 0.000804053 0.12067 0.000804053 -0.12067 -0.000105028 0.088355 -0.000105028 -0.088355 0.000174844 0.0746274 0.000174844 -0.0746274 -0.00522943 0.0287513 -0.00522943 -0.0287513 0 0 0 0 0 0 0 0 0 0 0 0 0 0 0 0 0 0 0 0 0 0 
2251 5 -0.550649 0 -0.0902268 0.110714 -0.0902268 -0.110714 0.000903856 0.260398 0.000903856 -0.260398 0 0 0 0 0 0 0 0 0 0 0 0 0 0 0 0 0 0 0 0 0 0 0 0 0 0 0 0 0 0 
2314 5 -0.245198 0.19378 -0.245198 -0.19378 -0.0759411 0 0.000211808 0.143423 0.000211808 -0.143423 0 0 0 0 0 0 0 0 0 0 0 0 0 0 0 0 0 0 0 0 0 0 0 0 0 0 0 0 0 0 
2315 5 -0.245198 0.19378 -0.245198 -0.19378 -0.0759411 0 0.000211808 0.143423 0.000211808 -0.143423 0 0 0 0 0 0 0 0 0 0 0 0 0 0 0 0 0 0 0 0 0 0 0 0 0 0 0 0 0 0 
2380 7 -0.883462 0 0.000929167 0.170803 0.000929167 -0.170803 -0.00758018 0.0817746 -0.00758018 -0.0817746 -0.0044779 0.0285711 -0.0044779 -0.0285711 0 0 0 0 0 0 0 0 0 0 0 0 0 0 0 0 0 0 0 0 0 0 0 0 0 0 
2381 5 -0.961102 0 0.000161465 0.0291003 0.000161465 -0.0291003 -0.000342564 0.021651 -0.000342564 -0.021651 0 0 0 0 0 0 0 0 0 0 0 0 0 0 0 0 0 0 0 0 0 0 0 0 0 0 0 0 0 0 
2382 5 -0.961102 0 0.000161465 0.0291003 0.000161465 -0.0291003 -0.000342564 0.021651 -0.000342564 -0.021651 0 0 0 0 0 0 0 0 0 0 0 0 0 0 0 0 0 0 0 0 0 0 0 0 0 0 0 0 0 0 
2383 5 -0.961102 0 0.000161465 0.0291003 0.000161465 -0.0291003 -0.000342564 0.021651 -0.000342564 -0.021651 0 0 0 0 0 0 0 0 0 0 0 0 0 0 0 0 0 0 0 0 0 0 0 0 0 0 0 0 0 0 
2384 5 -0.961102 0 0.000161465 0.0291003 0.000161465 -0.0291003 -0.000342564 0.021651 -0.000342564 -0.021651 0 0 0 0 0 0 0 0 0 0 0 0 0 0 0 0 0 0 0 0 0 0 0 0 0 0 0 0 0 0 
2385 5 -0.961102 0 0.000161465 0.0291003 0.000161465 -0.0291003 -0.000342564 0.021651 -0.000342564 -0.021651 0 0 0 0 0 0 0 0 0 0 0 0 0 0 0 0 0 0 0 0 0 0 0 0 0 0 0 0 0 0 
2386 5 -0.961102 0 0.000161465 0.0291003 0.000161465 -0.0291003 -0.000342564 0.021651 -0.000342564 -0.021651 0 0 0 0 0 0 0 0 0 0 0 0 0 0 0 0 0 0 0 0 0 0 0 0 0 0 0 0 0 0 
2401 8 -0.832734 0 0.000206936 0.145261 0.000206936 -0.145261 -0.0184433 0 -0.000249365 0.0853947 -0.000249365 -0.0853947 0.000111103 0.110614 0.000111103 -0.110614 0 0 0 0 0 0 0 0 0 0 0 0 0 0 0 0 0 0 0 0 0 0 0 0 
2402 8 -0.832734 0 0.000206936 0.145261 0.000206936 -0.145261 -0.0184433 0 -0.000249365 0.0853947 -0.000249365 -0.0853947 0.000111103 0.110614 0.000111103 -0.110614 0 0 0 0 0 0 0 0 0 0 0 0 0 0 0 0 0 0 0 0 0 0 0 0 
2426 5 -0.955084 0 0.000157333 0.0834096 0.000157333 -0.0834096 -0.00457316 0.048979 -0.00457316 -0.048979 0 0 0 0 0 0 0 0 0 0 0 0 0 0 0 0 0 0 0 0 0 0 0 0 0 0 0 0 0 0 
2427 5 -0.955084 0 0.000157333 0.0834096 0.000157333 -0.0834096 -0.00457316 0.048979 -0.00457316 -0.048979 0 0 0 0 0 0 0 0 0 0 0 0 0 0 0 0 0 0 0 0 0 0 0 0 0 0 0 0 0 0 
2428 5 -0.955084 0 0.000157333 0.0834096 0.000157333 -0.0834096 -0.00457316 0.048979 -0.00457316 -0.048979 0 0 0 0 0 0 0 0 0 0 0 0 0 0 0 0 0 0 0 0 0 0 0 0 0 0 0 0 0 0 
2435 6 -0.750108 0 -0.0426379 0.116657 -0.0426379 -0.116657 0.000474901 0.0502783 0.000474901 -0.0502783 -0.00480695 0 0 0 0 0 0 0 0 0 0 0 0 0 0 0 0 0 0 0 0 0 0 0 0 0 0 0 0 0 
2487 4 -0.939424 0 0.000529742 0.0627677 0.000529742 -0.0627677 -0.00333772 0 0 0 0 0 0 0 0 0 0 0 0 0 0 0 0 0 0 0 0 0 0 0 0 0 0 0 0 0 0 0 0 0 
2563 5 -0.870357 0 1.51102e-05 0.17412 1.51102e-05 -0.17412 -0.00453794 0.045899 -0.00453794 -0.045899 0 0 0 0 0 0 0 0 0 0 0 0 0 0 0 0 0 0 0 0 0 0 0 0 0 0 0 0 0 0 
2564 5 -0.870357 0 1.51102e-05 0.17412 1.51102e-05 -0.17412 -0.00453794 0.045899 -0.00453794 -0.045899 0 0 0 0 0 0 0 0 0 0 0 0 0 0 0 0 0 0 0 0 0 0 0 0 0 0 0 0 0 0 
2565 5 -0.870357 0 1.51102e-05 0.17412 1.51102e-05 -0.17412 -0.00453794 0.045899 -0.00453794 -0.045899 0 0 0 0 0 0 0 0 0 0 0 0 0 0 0 0 0 0 0 0 0 0 0 0 0 0 0 0 0 0 
2581 6 -0.833771 0 -0.00303359 0.147132 -0.00303359 -0.147132 0.000664313 0.0878186 0.000664313 -0.0878186 -0.0107818 0 0 0 0 0 0 0 0 0 0 0 0 0 0 0 0 0 0 0 0 0 0 0 0 0 0 0 0 0 
2582 6 -0.833771 0 -0.00303359 0.147132 -0.00303359 -0.147132 0.000664313 0.0878186 0.000664313 -0.0878186 -0.0107818 0 0 0 0 0 0 0 0 0 0 0 0 0 0 0 0 0 0 0 0 0 0 0 0 0 0 0 0 0 
2583 6 -0.833771 0 -0.00303359 0.147132 -0.00303359 -0.147132 0.000664313 0.0878186 0.000664313 -0.0878186 -0.0107818 0 0 0 0 0 0 0 0 0 0 0 0 0 0 0 0 0 0 0 0 0 0 0 0 0 0 0 0 0 
2584 6 -0.824779 0 -0.00151701 0.134936 -0.00151701 -0.134936 0.000215253 0.0899538 0.000215253 -0.0899538 -0.0110882 0 0 0 0 0 0 0 0 0 0 0 0 0 0 0 0 0 0 0 0 0 0 0 0 0 0 0 0 0 
2585 6 -0.824779 0 -0.00151701 0.134936 -0.00151701 -0.134936 0.000215253 0.0899538 0.000215253 -0.0899538 -0.0110882 0 0 0 0 0 0 0 0 0 0 0 0 0 0 0 0 0 0 0 0 0 0 0 0 0 0 0 0 0 
2586 6 -0.824779 0 -0.00151701 0.134936 -0.00151701 -0.134936 0.000215253 0.0899538 0.000215253 -0.0899538 -0.0110882 0 0 0 0 0 0 0 0 0 0 0 0 0 0 0 0 0 0 0 0 0 0 0 0 0 0 0 0 0 
2587 6 -0.824779 0 -0.00151701 0.134936 -0.00151701 -0.134936 0.000215253 0.0899538 0.000215253 -0.0899538 -0.0110882 0 0 0 0 0 0 0 0 0 0 0 0 0 0 0 0 0 0 0 0 0 0 0 0 0 0 0 0 0 
2588 6 -0.824779 0 -0.00151701 0.134936 -0.00151701 -0.134936 0.000215253 0.0899538 0.000215253 -0.0899538 -0.0110882 0 0 0 0 0 0 0 0 0 0 0 0 0 0 0 0 0 0 0 0 0 0 0 0 0 0 0 0 0 
2589 7 -0.873921 0 -0.00128482 0.113001 -0.00128482 -0.113001 0.00061153 0.0738942 0.00061153 -0.0738942 -0.00369644 0.0277452 -0.00369644 -0.0277452 0 0 0 0 0 0 0 0 0 0 0 0 0 0 0 0 0 0 0 0 0 0 0 0 0 0 
2590 7 -0.873921 0 -0.00128482 0.113001 -0.00128482 -0.113001 0.00061153 0.0738942 0.00061153 -0.0738942 -0.00369644 0.0277452 -0.00369644 -0.0277452 0 0 0 0 0 0 0 0 0 0 0 0 0 0 0 0 0 0 0 0 0 0 0 0 0 0 
2591 7 -0.873921 0 -0.00128482 0.113001 -0.00128482 -0.113001 0.00061153 0.0738942 0.00061153 -0.0738942 -0.00369644 0.0277452 -0.00369644 -0.0277452 0 0 0 0 0 0 0 0 0 0 0 0 0 0 0 0 0 0 0 0 0 0 0 0 0 0 
2592 7 -0.873921 0 -0.00128482 0.113001 -0.00128482 -0.113001 0.00061153 0.0738942 0.00061153 -0.0738942 -0.00369644 0.0277452 -0.00369644 -0.0277452 0 0 0 0 0 0 0 0 0 0 0 0 0 0 0 0 0 0 0 0 0 0 0 0 0 0 
2593 7 -0.873921 0 -0.00128482 0.113001 -0.00128482 -0.113001 0.00061153 0.0738942 0.00061153 -0.0738942 -0.00369644 0.0277452 -0.00369644 -0.0277452 0 0 0 0 0 0 0 0 0 0 0 0 0 0 0 0 0 0 0 0 0 0 0 0 0 0 
2594 7 -0.873921 0 -0.00128482 0.113001 -0.00128482 -0.113001 0.00061153 0.0738942 0.00061153 -0.0738942 -0.00369644 0.0277452 -0.00369644 -0.0277452 0 0 0 0 0 0 0 0 0 0 0 0 0 0 0 0 0 0 0 0 0 0 0 0 0 0 
2595 7 -0.873921 0 -0.00128482 0.113001 -0.00128482 -0.113001 0.00061153 0.0738942 0.00061153 -0.0738942 -0.00369644 0.0277452 -0.00369644 -0.0277452 0 0 0 0 0 0 0 0 0 0 0 0 0 0 0 0 0 0 0 0 0 0 0 0 0 0 
2596 7 -0.873921 0 -0.00128482 0.113001 -0.00128482 -0.113001 0.00061153 0.0738942 0.00061153 -0.0738942 -0.00369644 0.0277452 -0.00369644 -0.0277452 0 0 0 0 0 0 0 0 0 0 0 0 0 0 0 0 0 0 0 0 0 0 0 0 0 0 
2597 7 -0.873921 0 -0.00128482 0.113001 -0.00128482 -0.113001 0.00061153 0.0738942 0.00061153 -0.0738942 -0.00369644 0.0277452 -0.00369644 -0.0277452 0 0 0 0 0 0 0 0 0 0 0 0 0 0 0 0 0 0 0 0 0 0 0 0 0 0 
2598 7 -0.873921 0 -0.00128482 0.113001 -0.00128482 -0.113001 0.00061153 0.0738942 0.00061153 -0.0738942 -0.00369644 0.0277452 -0.00369644 -0.0277452 0 0 0 0 0 0 0 0 0 0 0 0 0 0 0 0 0 0 0 0 0 0 0 0 0 0 
2599 7 -0.873921 0 -0.00128482 0.113001 -0.00128482 -0.113001 0.00061153 0.0738942 0.00061153 -0.0738942 -0.00369644 0.0277452 -0.00369644 -0.0277452 0 0 0 0 0 0 0 0 0 0 0 0 0 0 0 0 0 0 0 0 0 0 0 0 0 0 
2600 7 -0.873921 0 -0.00128482 0.113001 -0.00128482 -0.113001 0.00061153 0.0738942 0.00061153 -0.0738942 -0.00369644 0.0277452 -0.00369644 -0.0277452 0 0 0 0 0 0 0 0 0 0 0 0 0 0 0 0 0 0 0 0 0 0 0 0 0 0 
2601 7 -0.873921 0 -0.00128482 0.113001 -0.00128482 -0.113001 0.00061153 0.0738942 0.00061153 -0.0738942 -0.00369644 0.0277452 -0.00369644 -0.0277452 0 0 0 0 0 0 0 0 0 0 0 0 0 0 0 0 0 0 0 0 0 0 0 0 0 0 
2765 4 -0.911002 0 -0.00344083 0.0769795 -0.00344083 -0.0769795 0.00246977 0 0 0 0 0 0 0 0 0 0 0 0 0 0 0 0 0 0 0 0 0 0 0 0 0 0 0 0 0 0 0 0 0 
2869 4 -0.918525 0 0.0006909 0.094717 0.0006909 -0.094717 -0.0058966 0 0 0 0 0 0 0 0 0 0 0 0 0 0 0 0 0 0 0 0 0 0 0 0 0 0 0 0 0 0 0 0 0 
2873 5 -0.837937 0 0.00131328 0.140993 0.00131328 -0.140993 -0.009261 0.0494556 -0.009261 -0.0494556 0 0 0 0 0 0 0 0 0 0 0 0 0 0 0 0 0 0 0 0 0 0 0 0 0 0 0 0 0 0 
2874 5 -0.837937 0 0.00131328 0.140993 0.00131328 -0.140993 -0.009261 0.0494556 -0.009261 -0.0494556 0 0 0 0 0 0 0 0 0 0 0 0 0 0 0 0 0 0 0 0 0 0 0 0 0 0 0 0 0 0 
2875 5 -0.837937 0 0.00131328 0.140993 0.00131328 -0.140993 -0.009261 0.0494556 -0.009261 -0.0494556 0 0 0 0 0 0 0 0 0 0 0 0 0 0 0 0 0 0 0 0 0 0 0 0 0 0 0 0 0 0 
2876 5 -0.837937 0 0.00131328 0.140993 0.00131328 -0.140993 -0.009261 0.0494556 -0.009261 -0.0494556 0 0 0 0 0 0 0 0 0 0 0 0 0 0 0 0 0 0 0 0 0 0 0 0 0 0 0 0 0 0 
2877 5 -0.837937 0 0.00131328 0.140993 0.00131328 -0.140993 -0.009261 0.0494556 -0.009261 -0.0494556 0 0 0 0 0 0 0 0 0 0 0 0 0 0 0 0 0 0 0 0 0 0 0 0 0 0 0 0 0 0 
2892 5 -0.125697 0.325365 -0.125697 -0.325365 -0.0266362 0 8.67883e-06 0.111568 8.67883e-06 -0.111568 0 0 0 0 0 0 0 0 0 0 0 0 0 0 0 0 0 0 0 0 0 0 0 0 0 0 0 0 0 0 
2939 4 -0.490894 0 0.000660461 0.276967 0.000660461 -0.276967 -0.148043 0 0 0 0 0 0 0 0 0 0 0 0 0 0 0 0 0 0 0 0 0 0 0 0 0 0 0 0 0 0 0 0 0 
2940 5 -0.720628 0 0.00135063 0.214373 0.00135063 -0.214373 -0.0256312 0.0867002 -0.0256312 -0.0867002 0 0 0 0 0 0 0 0 0 0 0 0 0 0 0 0 0 0 0 0 0 0 0 0 0 0 0 0 0 0 
2941 5 -0.720628 0 0.00135063 0.214373 0.00135063 -0.214373 -0.0256312 0.0867002 -0.0256312 -0.0867002 0 0 0 0 0 0 0 0 0 0 0 0 0 0 0 0 0 0 0 0 0 0 0 0 0 0 0 0 0 0 
2942 5 -0.720628 0 0.00135063 0.214373 0.00135063 -0.214373 -0.0256312 0.0867002 -0.0256312 -0.0867002 0 0 0 0 0 0 0 0 0 0 0 0 0 0 0 0 0 0 0 0 0 0 0 0 0 0 0 0 0 0 
2943 5 -0.720628 0 0.00135063 0.214373 0.00135063 -0.214373 -0.0256312 0.0867002 -0.0256312 -0.0867002 0 0 0 0 0 0 0 0 0 0 0 0 0 0 0 0 0 0 0 0 0 0 0 0 0 0 0 0 0 0 
2944 5 -0.748307 0 0.00126784 0.203051 0.00126784 -0.203051 -0.0218227 0.0879716 -0.0218227 -0.0879716 0 0 0 0 0 0 0 0 0 0 0 0 0 0 0 0 0 0 0 0 0 0 0 0 0 0 0 0 0 0 
2945 5 -0.748307 0 0.00126784 0.203051 0.00126784 -0.203051 -0.0218227 0.0879716 -0.0218227 -0.0879716 0 0 0 0 0 0 0 0 0 0 0 0 0 0 0 0 0 0 0 0 0 0 0 0 0 0 0 0 0 0 
3202 7 -0.872524 0 0.000648918 0.07341 0.000648918 -0.07341 -1.52679e-05 0.0270614 -1.52679e-05 -0.0270614 -0.00219103 0.0374825 -0.00219103 -0.0374825 0 0 0 0 0 0 0 0 0 0 0 0 0 0 0 0 0 0 0 0 0 0 0 0 0 0 
3203 7 -0.872524 0 0.000648918 0.07341 0.000648918 -0.07341 -1.52679e-05 0.0270614 -1.52679e-05 -0.0270614 -0.00219103 0.0374825 -0.00219103 -0.0374825 0 0 0 0 0 0 0 0 0 0 0 0 0 0 0 0 0 0 0 0 0 0 0 0 0 0 
3204 7 -0.872524 0 0.000648918 0.07341 0.000648918 -0.07341 -1.52679e-05 0.0270614 -1.52679e-05 -0.0270614 -0.00219103 0.0374825 -0.00219103 -0.0374825 0 0 0 0 0 0 0 0 0 0 0 0 0 0 0 0 0 0 0 0 0 0 0 0 0 0 
3205 7 -0.872524 0 0.000648918 0.07341 0.000648918 -0.07341 -1.52679e-05 0.0270614 -1.52679e-05 -0.0270614 -0.00219103 0.0374825 -0.00219103 -0.0374825 0 0 0 0 0 0 0 0 0 0 0 0 0 0 0 0 0 0 0 0 0 0 0 0 0 0 
3206 7 -0.872524 0 0.000648918 0.07341 0.000648918 -0.07341 -1.52679e-05 0.0270614 -1.52679e-05 -0.0270614 -0.00219103 0.0374825 -0.00219103 -0.0374825 0 0 0 0 0 0 0 0 0 0 0 0 0 0 0 0 0 0 0 0 0 0 0 0 0 0 
3207 7 -0.872524 0 0.000648918 0.07341 0.000648918 -0.07341 -1.52679e-05 0.0270614 -1.52679e-05 -0.0270614 -0.00219103 0.0374825 -0.00219103 -0.0374825 0 0 0 0 0 0 0 0 0 0 0 0 0 0 0 0 0 0 0 0 0 0 0 0 0 0 
3208 7 -0.873189 0 5.50573e-05 0.0820142 5.50573e-05 -0.0820142 -0.00110242 0.0312603 -0.00110242 -0.0312603 -0.000177604 0.0265588 -0.000177604 -0.0265588 0 0 0 0 0 0 0 0 0 0 0 0 0 0 0 0 0 0 0 0 0 0 0 0 0 0 
3209 8 -0.665454 0 -0.0229783 0.261184 -0.0229783 -0.261184 -0.00107587 0.0533015 -0.00107587 -0.0533015 7.58454e-05 0.0374044 7.58454e-05 -0.0374044 -0.020167 0 0 0 0 0 0 0 0 0 0 0 0 0 0 0 0 0 0 0 0 0 0 0 0 0 
3210 8 -0.665454 0 -0.0229783 0.261184 -0.0229783 -0.261184 -0.00107587 0.0533015 -0.00107587 -0.0533015 7.58454e-05 0.0374044 7.58454e-05 -0.0374044 -0.020167 0 0 0 0 0 0 0 0 0 0 0 0 0 0 0 0 0 0 0 0 0 0 0 0 0 
3211 9 -0.658557 0 -0.0252349 0.262522 -0.0252349 -0.262522 -0.00147342 0.0513473 -0.00147342 -0.0513473 0.000113667 0.0372454 0.000113667 -0.0372454 -0.0173021 0 -0.0012058 0 0 0 0 0 0 0 0 0 0 0 0 0 0 0 0 0 0 0 0 0 0 0 
3257 4 -0.895855 0 -0.00492351 0.0527301 -0.00492351 -0.0527301 0.001244 0 0 0 0 0 0 0 0 0 0 0 0 0 0 0 0 0 0 0 0 0 0 0 0 0 0 0 0 0 0 0 0 0 
3483 4 -0.472124 0 0.000924702 0.181709 0.000924702 -0.181709 -0.072895 0 0 0 0 0 0 0 0 0 0 0 0 0 0 0 0 0 0 0 0 0 0 0 0 0 0 0 0 0 0 0 0 0 
3753 5 -0.895124 0 0.000302028 0.123218 0.000302028 -0.123218 -0.0034232 0.0467161 -0.0034232 -0.0467161 0 0 0 0 0 0 0 0 0 0 0 0 0 0 0 0 0 0 0 0 0 0 0 0 0 0 0 0 0 0 
3754 5 -0.922432 0 0.000262279 0.0896011 0.000262279 -0.0896011 -0.00214438 0.0391995 -0.00214438 -0.0391995 0 0 0 0 0 0 0 0 0 0 0 0 0 0 0 0 0 0 0 0 0 0 0 0 0 0 0 0 0 0 
3755 5 -0.922432 0 0.000262279 0.0896011 0.000262279 -0.0896011 -0.00214438 0.0391995 -0.00214438 -0.0391995 0 0 0 0 0 0 0 0 0 0 0 0 0 0 0 0 0 0 0 0 0 0 0 0 0 0 0 0 0 0 
3756 5 -0.922432 0 0.000262279 0.0896011 0.000262279 -0.0896011 -0.00214438 0.0391995 -0.00214438 -0.0391995 0 0 0 0 0 0 0 0 0 0 0 0 0 0 0 0 0 0 0 0 0 0 0 0 0 0 0 0 0 0 
3759 7 -0.758818 0 0.000321017 0.204994 0.000321017 -0.204994 -0.0111346 0.0636647 -0.0111346 -0.0636647 -0.00820487 0.0114488 -0.00820487 -0.0114488 0 0 0 0 0 0 0 0 0 0 0 0 0 0 0 0 0 0 0 0 0 0 0 0 0 0 
3760 7 -0.758818 0 0.000321017 0.204994 0.000321017 -0.204994 -0.0111346 0.0636647 -0.0111346 -0.0636647 -0.00820487 0.0114488 -0.00820487 -0.0114488 0 0 0 0 0 0 0 0 0 0 0 0 0 0 0 0 0 0 0 0 0 0 0 0 0 0 
3761 7 -0.758818 0 0.000321017 0.204994 0.000321017 -0.204994 -0.0111346 0.0636647 -0.0111346 -0.0636647 -0.00820487 0.0114488 -0.00820487 -0.0114488 0 0 0 0 0 0 0 0 0 0 0 0 0 0 0 0 0 0 0 0 0 0 0 0 0 0 
3933 4 -0.656701 0 -0.0271762 0.192584 -0.0271762 -0.192584 0.0100149 0 0 0 0 0 0 0 0 0 0 0 0 0 0 0 0 0 0 0 0 0 0 0 0 0 0 0 0 0 0 0 0 0 
3977 5 -0.686493 0 0.000468793 0.178303 0.000468793 -0.178303 -0.0209816 0.00843143 -0.0209816 -0.00843143 0 0 0 0 0 0 0 0 0 0 0 0 0 0 0 0 0 0 0 0 0 0 0 0 0 0 0 0 0 0 
3978 5 -0.686493 0 0.000468793 0.178303 0.000468793 -0.178303 -0.0209816 0.00843143 -0.0209816 -0.00843143 0 0 0 0 0 0 0 0 0 0 0 0 0 0 0 0 0 0 0 0 0 0 0 0 0 0 0 0 0 0 
3979 5 -0.686493 0 0.000468793 0.178303 0.000468793 -0.178303 -0.0209816 0.00843143 -0.0209816 -0.00843143 0 0 0 0 0 0 0 0 0 0 0 0 0 0 0 0 0 0 0 0 0 0 0 0 0 0 0 0 0 0 
3980 5 -0.686493 0 0.000468793 0.178303 0.000468793 -0.178303 -0.0209816 0.00843143 -0.0209816 -0.00843143 0 0 0 0 0 0 0 0 0 0 0 0 0 0 0 0 0 0 0 0 0 0 0 0 0 0 0 0 0 0 
4233 5 -0.717922 0 -0.0258194 0.129487 -0.0258194 -0.129487 0.000607819 0.0417339 0.000607819 -0.0417339 0 0 0 0 0 0 0 0 0 0 0 0 0 0 0 0 0 0 0 0 0 0 0 0 0 0 0 0 0 0 
4234 5 -0.717922 0 -0.0258194 0.129487 -0.0258194 -0.129487 0.000607819 0.0417339 0.000607819 -0.0417339 0 0 0 0 0 0 0 0 0 0 0 0 0 0 0 0 0 0 0 0 0 0 0 0 0 0 0 0 0 0 
4582 4 -0.936536 0 -0.000917491 0.0444968 -0.000917491 -0.0444968 0.00172034 0 0 0 0 0 0 0 0 0 0 0 0 0 0 0 0 0 0 0 0 0 0 0 0 0 0 0 0 0 0 0 0 0 
4601 5 -0.859267 0 -0.000867554 0.105773 -0.000867554 -0.105773 8.63664e-05 0.0206302 8.63664e-05 -0.0206302 0 0 0 0 0 0 0 0 0 0 0 0 0 0 0 0 0 0 0 0 0 0 0 0 0 0 0 0 0 0 
4602 5 -0.883276 0 -0.000691553 0.0948543 -0.000691553 -0.0948543 9.2249e-05 0.0131421 9.2249e-05 -0.0131421 0 0 0 0 0 0 0 0 0 0 0 0 0 0 0 0 0 0 0 0 0 0 0 0 0 0 0 0 0 0 
4604 5 -0.872382 0 -0.00523214 0.136323 -0.00523214 -0.136323 0.00043114 0.0263243 0.00043114 -0.0263243 0 0 0 0 0 0 0 0 0 0 0 0 0 0 0 0 0 0 0 0 0 0 0 0 0 0 0 0 0 0 
4851 6 -0.566062 0 -0.00264843 0.274401 -0.00264843 -0.274401 0.00938632 0 -0.0382772 0.180476 -0.0382772 -0.180476 0 0 0 0 0 0 0 0 0 0 0 0 0 0 0 0 0 0 0 0 0 0 0 0 0 0 0 0 
4885 4 -0.163987 0.269049 -0.163987 -0.269049 0.000169884 0.128456 0.000169884 -0.128456 0 0 0 0 0 0 0 0 0 0 0 0 0 0 0 0 0 0 0 0 0 0 0 0 0 0 0 0 0 0 0 0 
4942 5 -0.837885 0 0.000295241 0.114365 0.000295241 -0.114365 -0.00330616 0.0476069 -0.00330616 -0.0476069 0 0 0 0 0 0 0 0 0 0 0 0 0 0 0 0 0 0 0 0 0 0 0 0 0 0 0 0 0 0 
4943 5 -0.837885 0 0.000295241 0.114365 0.000295241 -0.114365 -0.00330616 0.0476069 -0.00330616 -0.0476069 0 0 0 0 0 0 0 0 0 0 0 0 0 0 0 0 0 0 0 0 0 0 0 0 0 0 0 0 0 0 
4944 5 -0.837885 0 0.000295241 0.114365 0.000295241 -0.114365 -0.00330616 0.0476069 -0.00330616 -0.0476069 0 0 0 0 0 0 0 0 0 0 0 0 0 0 0 0 0 0 0 0 0 0 0 0 0 0 0 0 0 0 
4946 6 -0.843148 0 -0.000897368 0.070114 -0.000897368 -0.070114 0.00146329 0 -0.00021367 0.0438376 -0.00021367 -0.0438376 0 0 0 0 0 0 0 0 0 0 0 0 0 0 0 0 0 0 0 0 0 0 0 0 0 0 0 0 
4964 5 -0.885316 0 0.000220742 0.0831529 0.000220742 -0.0831529 -0.00079361 0.042773 -0.00079361 -0.042773 0 0 0 0 0 0 0 0 0 0 0 0 0 0 0 0 0 0 0 0 0 0 0 0 0 0 0 0 0 0 
4965 5 -0.885316 0 0.000220742 0.0831529 0.000220742 -0.0831529 -0.00079361 0.042773 -0.00079361 -0.042773 0 0 0 0 0 0 0 0 0 0 0 0 0 0 0 0 0 0 0 0 0 0 0 0 0 0 0 0 0 0 
4966 5 -0.885316 0 0.000220742 0.0831529 0.000220742 -0.0831529 -0.00079361 0.042773 -0.00079361 -0.042773 0 0 0 0 0 0 0 0 0 0 0 0 0 0 0 0 0 0 0 0 0 0 0 0 0 0 0 0 0 0 
4993 4 -0.165069 0.250744 -0.165069 -0.250744 0.000805626 0.158349 0.000805626 -0.158349 0 0 0 0 0 0 0 0 0 0 0 0 0 0 0 0 0 0 0 0 0 0 0 0 0 0 0 0 0 0 0 0 
5064 5 -0.606818 0 0.000459745 0.171239 0.000459745 -0.171239 -0.0209419 0.0535807 -0.0209419 -0.0535807 0 0 0 0 0 0 0 0 0 0 0 0 0 0 0 0 0 0 0 0 0 0 0 0 0 0 0 0 0 0 
5065 5 -0.606818 0 0.000459745 0.171239 0.000459745 -0.171239 -0.0209419 0.0535807 -0.0209419 -0.0535807 0 0 0 0 0 0 0 0 0 0 0 0 0 0 0 0 0 0 0 0 0 0 0 0 0 0 0 0 0 0 
5066 5 -0.606818 0 0.000459745 0.171239 0.000459745 -0.171239 -0.0209419 0.0535807 -0.0209419 -0.0535807 0 0 0 0 0 0 0 0 0 0 0 0 0 0 0 0 0 0 0 0 0 0 0 0 0 0 0 0 0 0 
5241 6 -0.893034 0 0.000859509 0.110037 0.000859509 -0.110037 -0.0124828 0 -0.000979973 0.0736437 -0.000979973 -0.0736437 0 0 0 0 0 0 0 0 0 0 0 0 0 0 0 0 0 0 0 0 0 0 0 0 0 0 0 0 
5242 6 -0.893034 0 0.000859509 0.110037 0.000859509 -0.110037 -0.0124828 0 -0.000979973 0.0736437 -0.000979973 -0.0736437 0 0 0 0 0 0 0 0 0 0 0 0 0 0 0 0 0 0 0 0 0 0 0 0 0 0 0 0 
5284 5 -0.665644 0 -0.00851034 0.139131 -0.00851034 -0.139131 0.000978886 0.0153653 0.000978886 -0.0153653 0 0 0 0 0 0 0 0 0 0 0 0 0 0 0 0 0 0 0 0 0 0 0 0 0 0 0 0 0 0 
5359 6 -0.774397 0 -0.00285693 0.121852 -0.00285693 -0.121852 -0.0393895 0 6.21568e-05 0.0280871 6.21568e-05 -0.0280871 0 0 0 0 0 0 0 0 0 0 0 0 0 0 0 0 0 0 0 0 0 0 0 0 0 0 0 0 
5360 6 -0.774397 0 -0.00285693 0.121852 -0.00285693 -0.121852 -0.0393895 0 6.21568e-05 0.0280871 6.21568e-05 -0.0280871 0 0 0 0 0 0 0 0 0 0 0 0 0 0 0 0 0 0 0 0 0 0 0 0 0 0 0 0 
5361 6 -0.774397 0 -0.00285693 0.121852 -0.00285693 -0.121852 -0.0393895 0 6.21568e-05 0.0280871 6.21568e-05 -0.0280871 0 0 0 0 0 0 0 0 0 0 0 0 0 0 0 0 0 0 0 0 0 0 0 0 0 0 0 0 
5362 6 -0.774397 0 -0.00285693 0.121852 -0.00285693 -0.121852 -0.0393895 0 6.21568e-05 0.0280871 6.21568e-05 -0.0280871 0 0 0 0 0 0 0 0 0 0 0 0 0 0 0 0 0 0 0 0 0 0 0 0 0 0 0 0 
5363 7 -0.863332 0 -0.00356447 0.090321 -0.00356447 -0.090321 -0.00744479 0.0328115 -0.00744479 -0.0328115 4.79081e-06 0.0197812 4.79081e-06 -0.0197812 0 0 0 0 0 0 0 0 0 0 0 0 0 0 0 0 0 0 0 0 0 0 0 0 0 0 
5364 7 -0.863332 0 -0.00356447 0.090321 -0.00356447 -0.090321 -0.00744479 0.0328115 -0.00744479 -0.0328115 4.79081e-06 0.0197812 4.79081e-06 -0.0197812 0 0 0 0 0 0 0 0 0 0 0 0 0 0 0 0 0 0 0 0 0 0 0 0 0 0 
5365 7 -0.863332 0 -0.00356447 0.090321 -0.00356447 -0.090321 -0.00744479 0.0328115 -0.00744479 -0.0328115 4.79081e-06 0.0197812 4.79081e-06 -0.0197812 0 0 0 0 0 0 0 0 0 0 0 0 0 0 0 0 0 0 0 0 0 0 0 0 0 0 
5366 7 -0.863332 0 -0.00356447 0.090321 -0.00356447 -0.090321 -0.00744479 0.0328115 -0.00744479 -0.0328115 4.79081e-06 0.0197812 4.79081e-06 -0.0197812 0 0 0 0 0 0 0 0 0 0 0 0 0 0 0 0 0 0 0 0 0 0 0 0 0 0 
5367 7 -0.863332 0 -0.00356447 0.090321 -0.00356447 -0.090321 -0.00744479 0.0328115 -0.00744479 -0.0328115 4.79081e-06 0.0197812 4.79081e-06 -0.0197812 0 0 0 0 0 0 0 0 0 0 0 0 0 0 0 0 0 0 0 0 0 0 0 0 0 0 
5368 7 -0.863332 0 -0.00356447 0.090321 -0.00356447 -0.090321 -0.00744479 0.0328115 -0.00744479 -0.0328115 4.79081e-06 0.0197812 4.79081e-06 -0.0197812 0 0 0 0 0 0 0 0 0 0 0 0 0 0 0 0 0 0 0 0 0 0 0 0 0 0 
5369 7 -0.863332 0 -0.00356447 0.090321 -0.00356447 -0.090321 -0.00744479 0.0328115 -0.00744479 -0.0328115 4.79081e-06 0.0197812 4.79081e-06 -0.0197812 0 0 0 0 0 0 0 0 0 0 0 0 0 0 0 0 0 0 0 0 0 0 0 0 0 0 
5370 7 -0.863332 0 -0.00356447 0.090321 -0.00356447 -0.090321 -0.00744479 0.0328115 -0.00744479 -0.0328115 4.79081e-06 0.0197812 4.79081e-06 -0.0197812 0 0 0 0 0 0 0 0 0 0 0 0 0 0 0 0 0 0 0 0 0 0 0 0 0 0 
5371 7 -0.863332 0 -0.00356447 0.090321 -0.00356447 -0.090321 -0.00744479 0.0328115 -0.00744479 -0.0328115 4.79081e-06 0.0197812 4.79081e-06 -0.0197812 0 0 0 0 0 0 0 0 0 0 0 0 0 0 0 0 0 0 0 0 0 0 0 0 0 0 
5372 7 -0.863332 0 -0.00356447 0.090321 -0.00356447 -0.090321 -0.00744479 0.0328115 -0.00744479 -0.0328115 4.79081e-06 0.0197812 4.79081e-06 -0.0197812 0 0 0 0 0 0 0 0 0 0 0 0 0 0 0 0 0 0 0 0 0 0 0 0 0 0 
5373 7 -0.863332 0 -0.00356447 0.090321 -0.00356447 -0.090321 -0.00744479 0.0328115 -0.00744479 -0.0328115 4.79081e-06 0.0197812 4.79081e-06 -0.0197812 0 0 0 0 0 0 0 0 0 0 0 0 0 0 0 0 0 0 0 0 0 0 0 0 0 0 
5374 7 -0.863332 0 -0.00356447 0.090321 -0.00356447 -0.090321 -0.00744479 0.0328115 -0.00744479 -0.0328115 4.79081e-06 0.0197812 4.79081e-06 -0.0197812 0 0 0 0 0 0 0 0 0 0 0 0 0 0 0 0 0 0 0 0 0 0 0 0 0 0 
5375 7 -0.863332 0 -0.00356447 0.090321 -0.00356447 -0.090321 -0.00744479 0.0328115 -0.00744479 -0.0328115 4.79081e-06 0.0197812 4.79081e-06 -0.0197812 0 0 0 0 0 0 0 0 0 0 0 0 0 0 0 0 0 0 0 0 0 0 0 0 0 0 
5376 7 -0.861605 0 -0.00534319 0.101108 -0.00534319 -0.101108 -0.00652509 0.041145 -0.00652509 -0.041145 3.8363e-09 0.00385058 3.8363e-09 -0.00385058 0 0 0 0 0 0 0 0 0 0 0 0 0 0 0 0 0 0 0 0 0 0 0 0 0 0 
5411 5 -0.690445 0 0.000384516 0.0998966 0.000384516 -0.0998966 -0.00230889 0.0812989 -0.00230889 -0.0812989 0 0 0 0 0 0 0 0 0 0 0 0 0 0 0 0 0 0 0 0 0 0 0 0 0 0 0 0 0 0 
5412 5 -0.690445 0 0.000384516 0.0998966 0.000384516 -0.0998966 -0.00230889 0.0812989 -0.00230889 -0.0812989 0 0 0 0 0 0 0 0 0 0 0 0 0 0 0 0 0 0 0 0 0 0 0 0 0 0 0 0 0 0 
5413 5 -0.690445 0 0.000384516 0.0998966 0.000384516 -0.0998966 -0.00230889 0.0812989 -0.00230889 -0.0812989 0 0 0 0 0 0 0 0 0 0 0 0 0 0 0 0 0 0 0 0 0 0 0 0 0 0 0 0 0 0 
5414 5 -0.690445 0 0.000384516 0.0998966 0.000384516 -0.0998966 -0.00230889 0.0812989 -0.00230889 -0.0812989 0 0 0 0 0 0 0 0 0 0 0 0 0 0 0 0 0 0 0 0 0 0 0 0 0 0 0 0 0 0 
5415 5 -0.690445 0 0.000384516 0.0998966 0.000384516 -0.0998966 -0.00230889 0.0812989 -0.00230889 -0.0812989 0 0 0 0 0 0 0 0 0 0 0 0 0 0 0 0 0 0 0 0 0 0 0 0 0 0 0 0 0 0 
5416 5 -0.690445 0 0.000384516 0.0998966 0.000384516 -0.0998966 -0.00230889 0.0812989 -0.00230889 -0.0812989 0 0 0 0 0 0 0 0 0 0 0 0 0 0 0 0 0 0 0 0 0 0 0 0 0 0 0 0 0 0 
5417 5 -0.690445 0 0.000384516 0.0998966 0.000384516 -0.0998966 -0.00230889 0.0812989 -0.00230889 -0.0812989 0 0 0 0 0 0 0 0 0 0 0 0 0 0 0 0 0 0 0 0 0 0 0 0 0 0 0 0 0 0 
5418 5 -0.705038 0 0.00037847 0.0955677 0.00037847 -0.0955677 -0.00207078 0.0782971 -0.00207078 -0.0782971 0 0 0 0 0 0 0 0 0 0 0 0 0 0 0 0 0 0 0 0 0 0 0 0 0 0 0 0 0 0 
5467 6 -0.474852 0 -0.211363 0 0.000492537 0.0815168 0.000492537 -0.0815168 -0.00139741 0.018315 -0.00139741 -0.018315 0 0 0 0 0 0 0 0 0 0 0 0 0 0 0 0 0 0 0 0 0 0 0 0 0 0 0 0 
5468 6 -0.474852 0 -0.211363 0 0.000492537 0.0815168 0.000492537 -0.0815168 -0.00139741 0.018315 -0.00139741 -0.018315 0 0 0 0 0 0 0 0 0 0 0 0 0 0 0 0 0 0 0 0 0 0 0 0 0 0 0 0 
5469 6 -0.474852 0 -0.211363 0 0.000492537 0.0815168 0.000492537 -0.0815168 -0.00139741 0.018315 -0.00139741 -0.018315 0 0 0 0 0 0 0 0 0 0 0 0 0 0 0 0 0 0 0 0 0 0 0 0 0 0 0 0 
5470 6 -0.474852 0 -0.211363 0 0.000492537 0.0815168 0.000492537 -0.0815168 -0.00139741 0.018315 -0.00139741 -0.018315 0 0 0 0 0 0 0 0 0 0 0 0 0 0 0 0 0 0 0 0 0 0 0 0 0 0 0 0 
5471 6 -0.474852 0 -0.211363 0 0.000492537 0.0815168 0.000492537 -0.0815168 -0.00139741 0.018315 -0.00139741 -0.018315 0 0 0 0 0 0 0 0 0 0 0 0 0 0 0 0 0 0 0 0 0 0 0 0 0 0 0 0 
5472 6 -0.474852 0 -0.211363 0 0.000492537 0.0815168 0.000492537 -0.0815168 -0.00139741 0.018315 -0.00139741 -0.018315 0 0 0 0 0 0 0 0 0 0 0 0 0 0 0 0 0 0 0 0 0 0 0 0 0 0 0 0 
5473 6 -0.474852 0 -0.211363 0 0.000492537 0.0815168 0.000492537 -0.0815168 -0.00139741 0.018315 -0.00139741 -0.018315 0 0 0 0 0 0 0 0 0 0 0 0 0 0 0 0 0 0 0 0 0 0 0 0 0 0 0 0 
5474 6 -0.474852 0 -0.211363 0 0.000492537 0.0815168 0.000492537 -0.0815168 -0.00139741 0.018315 -0.00139741 -0.018315 0 0 0 0 0 0 0 0 0 0 0 0 0 0 0 0 0 0 0 0 0 0 0 0 0 0 0 0 
5475 6 -0.474852 0 -0.211363 0 0.000492537 0.0815168 0.000492537 -0.0815168 -0.00139741 0.018315 -0.00139741 -0.018315 0 0 0 0 0 0 0 0 0 0 0 0 0 0 0 0 0 0 0 0 0 0 0 0 0 0 0 0 
5476 6 -0.474852 0 -0.211363 0 0.000492537 0.0815168 0.000492537 -0.0815168 -0.00139741 0.018315 -0.00139741 -0.018315 0 0 0 0 0 0 0 0 0 0 0 0 0 0 0 0 0 0 0 0 0 0 0 0 0 0 0 0 
5477 7 -0.630551 0 0.000862992 0.0829259 0.000862992 -0.0829259 -0.0568038 0.0644568 -0.0568038 -0.0644568 -0.00109371 0.0229787 -0.00109371 -0.0229787 0 0 0 0 0 0 0 0 0 0 0 0 0 0 0 0 0 0 0 0 0 0 0 0 0 0 
5478 7 -0.630551 0 0.000862992 0.0829259 0.000862992 -0.0829259 -0.0568038 0.0644568 -0.0568038 -0.0644568 -0.00109371 0.0229787 -0.00109371 -0.0229787 0 0 0 0 0 0 0 0 0 0 0 0 0 0 0 0 0 0 0 0 0 0 0 0 0 0 
5479 7 -0.637929 0 0.000293387 0.104414 0.000293387 -0.104414 -0.0527484 0.0676121 -0.0527484 -0.0676121 -0.000890356 0.0195403 -0.000890356 -0.0195403 0 0 0 0 0 0 0 0 0 0 0 0 0 0 0 0 0 0 0 0 0 0 0 0 0 0 
5480 7 -0.637929 0 0.000293387 0.104414 0.000293387 -0.104414 -0.0527484 0.0676121 -0.0527484 -0.0676121 -0.000890356 0.0195403 -0.000890356 -0.0195403 0 0 0 0 0 0 0 0 0 0 0 0 0 0 0 0 0 0 0 0 0 0 0 0 0 0 
5481 7 -0.637929 0 0.000293387 0.104414 0.000293387 -0.104414 -0.0527484 0.0676121 -0.0527484 -0.0676121 -0.000890356 0.0195403 -0.000890356 -0.0195403 0 0 0 0 0 0 0 0 0 0 0 0 0 0 0 0 0 0 0 0 0 0 0 0 0 0 
5482 7 -0.637929 0 0.000293387 0.104414 0.000293387 -0.104414 -0.0527484 0.0676121 -0.0527484 -0.0676121 -0.000890356 0.0195403 -0.000890356 -0.0195403 0 0 0 0 0 0 0 0 0 0 0 0 0 0 0 0 0 0 0 0 0 0 0 0 0 0 
5546 4 -0.69539 0 0.0014095 0.193914 0.0014095 -0.193914 -0.0493252 0 0 0 0 0 0 0 0 0 0 0 0 0 0 0 0 0 0 0 0 0 0 0 0 0 0 0 0 0 0 0 0 0 
5595 5 -0.434878 0 -0.058707 0.198804 -0.058707 -0.198804 0.000210988 0.060674 0.000210988 -0.060674 0 0 0 0 0 0 0 0 0 0 0 0 0 0 0 0 0 0 0 0 0 0 0 0 0 0 0 0 0 0 
5596 5 -0.434878 0 -0.058707 0.198804 -0.058707 -0.198804 0.000210988 0.060674 0.000210988 -0.060674 0 0 0 0 0 0 0 0 0 0 0 0 0 0 0 0 0 0 0 0 0 0 0 0 0 0 0 0 0 0 
5597 4 -0.584922 0 -0.0522887 0.194745 -0.0522887 -0.194745 0.00772283 0 0 0 0 0 0 0 0 0 0 0 0 0 0 0 0 0 0 0 0 0 0 0 0 0 0 0 0 0 0 0 0 0 
5776 5 -0.889238 0 0.000471393 0.0803697 0.000471393 -0.0803697 -0.00171722 0.0443971 -0.00171722 -0.0443971 0 0 0 0 0 0 0 0 0 0 0 0 0 0 0 0 0 0 0 0 0 0 0 0 0 0 0 0 0 0 
5777 5 -0.889238 0 0.000471393 0.0803697 0.000471393 -0.0803697 -0.00171722 0.0443971 -0.00171722 -0.0443971 0 0 0 0 0 0 0 0 0 0 0 0 0 0 0 0 0 0 0 0 0 0 0 0 0 0 0 0 0 0 
5778 5 -0.889238 0 0.000471393 0.0803697 0.000471393 -0.0803697 -0.00171722 0.0443971 -0.00171722 -0.0443971 0 0 0 0 0 0 0 0 0 0 0 0 0 0 0 0 0 0 0 0 0 0 0 0 0 0 0 0 0 0 
5779 5 -0.889238 0 0.000471393 0.0803697 0.000471393 -0.0803697 -0.00171722 0.0443971 -0.00171722 -0.0443971 0 0 0 0 0 0 0 0 0 0 0 0 0 0 0 0 0 0 0 0 0 0 0 0 0 0 0 0 0 0 
5780 5 -0.889238 0 0.000471393 0.0803697 0.000471393 -0.0803697 -0.00171722 0.0443971 -0.00171722 -0.0443971 0 0 0 0 0 0 0 0 0 0 0 0 0 0 0 0 0 0 0 0 0 0 0 0 0 0 0 0 0 0 
5833 4 -0.188724 0.324342 -0.188724 -0.324342 0.00023225 0.112174 0.00023225 -0.112174 0 0 0 0 0 0 0 0 0 0 0 0 0 0 0 0 0 0 0 0 0 0 0 0 0 0 0 0 0 0 0 0 
5834 4 -0.188724 0.324342 -0.188724 -0.324342 0.00023225 0.112174 0.00023225 -0.112174 0 0 0 0 0 0 0 0 0 0 0 0 0 0 0 0 0 0 0 0 0 0 0 0 0 0 0 0 0 0 0 0 
5835 5 -0.535943 0 -0.0424061 0.189456 -0.0424061 -0.189456 4.87973e-05 0.089507 4.87973e-05 -0.089507 0 0 0 0 0 0 0 0 0 0 0 0 0 0 0 0 0 0 0 0 0 0 0 0 0 0 0 0 0 0 
5836 5 -0.535943 0 -0.0424061 0.189456 -0.0424061 -0.189456 4.87973e-05 0.089507 4.87973e-05 -0.089507 0 0 0 0 0 0 0 0 0 0 0 0 0 0 0 0 0 0 0 0 0 0 0 0 0 0 0 0 0 0 
5837 5 -0.535943 0 -0.0424061 0.189456 -0.0424061 -0.189456 4.87973e-05 0.089507 4.87973e-05 -0.089507 0 0 0 0 0 0 0 0 0 0 0 0 0 0 0 0 0 0 0 0 0 0 0 0 0 0 0 0 0 0 
5838 5 -0.535943 0 -0.0424061 0.189456 -0.0424061 -0.189456 4.87973e-05 0.089507 4.87973e-05 -0.089507 0 0 0 0 0 0 0 0 0 0 0 0 0 0 0 0 0 0 0 0 0 0 0 0 0 0 0 0 0 0 
5839 5 -0.535943 0 -0.0424061 0.189456 -0.0424061 -0.189456 4.87973e-05 0.089507 4.87973e-05 -0.089507 0 0 0 0 0 0 0 0 0 0 0 0 0 0 0 0 0 0 0 0 0 0 0 0 0 0 0 0 0 0 
6234 5 -0.342149 0 -0.0797206 0.200579 -0.0797206 -0.200579 0.000627874 0.0674567 0.000627874 -0.0674567 0 0 0 0 0 0 0 0 0 0 0 0 0 0 0 0 0 0 0 0 0 0 0 0 0 0 0 0 0 0 
6271 7 -0.630535 0 -0.0277431 0.202758 -0.0277431 -0.202758 0.000259042 0.0650107 0.000259042 -0.0650107 -0.0129696 0.0593985 -0.0129696 -0.0593985 0 0 0 0 0 0 0 0 0 0 0 0 0 0 0 0 0 0 0 0 0 0 0 0 0 0 
6272 7 -0.630535 0 -0.0277431 0.202758 -0.0277431 -0.202758 0.000259042 0.0650107 0.000259042 -0.0650107 -0.0129696 0.0593985 -0.0129696 -0.0593985 0 0 0 0 0 0 0 0 0 0 0 0 0 0 0 0 0 0 0 0 0 0 0 0 0 0 
6273 7 -0.630535 0 -0.0277431 0.202758 -0.0277431 -0.202758 0.000259042 0.0650107 0.000259042 -0.0650107 -0.0129696 0.0593985 -0.0129696 -0.0593985 0 0 0 0 0 0 0 0 0 0 0 0 0 0 0 0 0 0 0 0 0 0 0 0 0 0 
6388 4 -0.155349 0.261193 -0.155349 -0.261193 0.000405456 0.0789301 0.000405456 -0.0789301 0 0 0 0 0 0 0 0 0 0 0 0 0 0 0 0 0 0 0 0 0 0 0 0 0 0 0 0 0 0 0 0 
6406 5 -0.55703 0 -0.010183 0.162734 -0.010183 -0.162734 7.08541e-05 0.0294719 7.08541e-05 -0.0294719 0 0 0 0 0 0 0 0 0 0 0 0 0 0 0 0 0 0 0 0 0 0 0 0 0 0 0 0 0 0 
6407 5 -0.751189 0 -0.00290105 0.114503 -0.00290105 -0.114503 0.000159895 0.0282504 0.000159895 -0.0282504 0 0 0 0 0 0 0 0 0 0 0 0 0 0 0 0 0 0 0 0 0 0 0 0 0 0 0 0 0 0 
6408 5 -0.751189 0 -0.00290105 0.114503 -0.00290105 -0.114503 0.000159895 0.0282504 0.000159895 -0.0282504 0 0 0 0 0 0 0 0 0 0 0 0 0 0 0 0 0 0 0 0 0 0 0 0 0 0 0 0 0 0 
6691 8 -0.424417 0 -0.0595335 0.227738 -0.0595335 -0.227738 -0.131915 0 -0.000894032 0.0506698 -0.000894032 -0.0506698 7.46975e-05 0.0315011 7.46975e-05 -0.0315011 0 0 0 0 0 0 0 0 0 0 0 0 0 0 0 0 0 0 0 0 0 0 0 0 
6692 8 -0.424417 0 -0.0595335 0.227738 -0.0595335 -0.227738 -0.131915 0 -0.000894032 0.0506698 -0.000894032 -0.0506698 7.46975e-05 0.0315011 7.46975e-05 -0.0315011 0 0 0 0 0 0 0 0 0 0 0 0 0 0 0 0 0 0 0 0 0 0 0 0 
6779 6 -0.422051 0 -0.0887895 0 0.00101712 0.221248 0.00101712 -0.221248 -0.0163022 0.195724 -0.0163022 -0.195724 0 0 0 0 0 0 0 0 0 0 0 0 0 0 0 0 0 0 0 0 0 0 0 0 0 0 0 0 
6780 7 -0.631263 0 -0.00984201 0.0612621 -0.00984201 -0.0612621 -0.0120686 0.174917 -0.0120686 -0.174917 6.56663e-06 0.167888 6.56663e-06 -0.167888 0 0 0 0 0 0 0 0 0 0 0 0 0 0 0 0 0 0 0 0 0 0 0 0 0 0 
6781 7 -0.631263 0 -0.00984201 0.0612621 -0.00984201 -0.0612621 -0.0120686 0.174917 -0.0120686 -0.174917 6.56663e-06 0.167888 6.56663e-06 -0.167888 0 0 0 0 0 0 0 0 0 0 0 0 0 0 0 0 0 0 0 0 0 0 0 0 0 0 
6782 7 -0.631263 0 -0.00984201 0.0612621 -0.00984201 -0.0612621 -0.0120686 0.174917 -0.0120686 -0.174917 6.56663e-06 0.167888 6.56663e-06 -0.167888 0 0 0 0 0 0 0 0 0 0 0 0 0 0 0 0 0 0 0 0 0 0 0 0 0 0 
7430 4 -0.89396 0 0.000373043 0.0574904 0.000373043 -0.0574904 -0.00647925 0 0 0 0 0 0 0 0 0 0 0 0 0 0 0 0 0 0 0 0 0 0 0 0 0 0 0 0 0 0 0 0 0 
7507 5 -0.938319 0 0.00020257 0.0370892 0.00020257 -0.0370892 -0.000447567 0.0205188 -0.000447567 -0.0205188 0 0 0 0 0 0 0 0 0 0 0 0 0 0 0 0 0 0 0 0 0 0 0 0 0 0 0 0 0 0 
7596 6 -0.29128 0.07697 -0.29128 -0.07697 -0.00621908 0.0594822 -0.00621908 -0.0594822 1.33029e-05 0.0460632 1.33029e-05 -0.0460632 0 0 0 0 0 0 0 0 0 0 0 0 0 0 0 0 0 0 0 0 0 0 0 0 0 0 0 0 
7622 4 -0.139952 0.321357 -0.139952 -0.321357 5.80762e-05 0.0233342 5.80762e-05 -0.0233342 0 0 0 0 0 0 0 0 0 0 0 0 0 0 0 0 0 0 0 0 0 0 0 0 0 0 0 0 0 0 0 0 
7623 5 -0.566061 0 -0.0218919 0.184467 -0.0218919 -0.184467 9.65768e-05 0.029319 9.65768e-05 -0.029319 0 0 0 0 0 0 0 0 0 0 0 0 0 0 0 0 0 0 0 0 0 0 0 0 0 0 0 0 0 0 
7624 5 -0.743705 0 -0.00739044 0.140088 -0.00739044 -0.140088 9.35591e-05 0.0310286 9.35591e-05 -0.0310286 0 0 0 0 0 0 0 0 0 0 0 0 0 0 0 0 0 0 0 0 0 0 0 0 0 0 0 0 0 0 
7625 5 -0.744901 0 -0.00732183 0.139666 -0.00732183 -0.139666 9.35078e-05 0.0310346 9.35078e-05 -0.0310346 0 0 0 0 0 0 0 0 0 0 0 0 0 0 0 0 0 0 0 0 0 0 0 0 0 0 0 0 0 0 
7626 5 -0.744901 0 -0.00732183 0.139666 -0.00732183 -0.139666 9.35078e-05 0.0310346 9.35078e-05 -0.0310346 0 0 0 0 0 0 0 0 0 0 0 0 0 0 0 0 0 0 0 0 0 0 0 0 0 0 0 0 0 0 
7627 5 -0.759344 0 -0.00651734 0.134392 -0.00651734 -0.134392 9.28038e-05 0.0310923 9.28038e-05 -0.0310923 0 0 0 0 0 0 0 0 0 0 0 0 0 0 0 0 0 0 0 0 0 0 0 0 0 0 0 0 0 0 
7628 5 -0.759344 0 -0.00651734 0.134392 -0.00651734 -0.134392 9.28038e-05 0.0310923 9.28038e-05 -0.0310923 0 0 0 0 0 0 0 0 0 0 0 0 0 0 0 0 0 0 0 0 0 0 0 0 0 0 0 0 0 0 
7629 5 -0.762981 0 -0.00632152 0.13301 -0.00632152 -0.13301 9.25979e-05 0.0311021 9.25979e-05 -0.0311021 0 0 0 0 0 0 0 0 0 0 0 0 0 0 0 0 0 0 0 0 0 0 0 0 0 0 0 0 0 0 
7692 5 -0.918212 0 0.000913922 0.0574125 0.000913922 -0.0574125 -0.00479446 0.0156332 -0.00479446 -0.0156332 0 0 0 0 0 0 0 0 0 0 0 0 0 0 0 0 0 0 0 0 0 0 0 0 0 0 0 0 0 0 
7693 5 -0.918212 0 0.000913922 0.0574125 0.000913922 -0.0574125 -0.00479446 0.0156332 -0.00479446 -0.0156332 0 0 0 0 0 0 0 0 0 0 0 0 0 0 0 0 0 0 0 0 0 0 0 0 0 0 0 0 0 0 
7694 5 -0.918212 0 0.000913922 0.0574125 0.000913922 -0.0574125 -0.00479446 0.0156332 -0.00479446 -0.0156332 0 0 0 0 0 0 0 0 0 0 0 0 0 0 0 0 0 0 0 0 0 0 0 0 0 0 0 0 0 0 
7695 5 -0.918212 0 0.000913922 0.0574125 0.000913922 -0.0574125 -0.00479446 0.0156332 -0.00479446 -0.0156332 0 0 0 0 0 0 0 0 0 0 0 0 0 0 0 0 0 0 0 0 0 0 0 0 0 0 0 0 0 0 
7696 5 -0.918212 0 0.000913922 0.0574125 0.000913922 -0.0574125 -0.00479446 0.0156332 -0.00479446 -0.0156332 0 0 0 0 0 0 0 0 0 0 0 0 0 0 0 0 0 0 0 0 0 0 0 0 0 0 0 0 0 0 
7697 6 -0.912415 0 0.000785282 0.0594928 0.000785282 -0.0594928 -0.00359359 0.0166943 -0.00359359 -0.0166943 -0.00390674 0 0 0 0 0 0 0 0 0 0 0 0 0 0 0 0 0 0 0 0 0 0 0 0 0 0 0 0 0 
7697 5 -0.918212 0 0.000913922 0.0574125 0.000913922 -0.0574125 -0.00479446 0.0156332 -0.00479446 -0.0156332 0 0 0 0 0 0 0 0 0 0 0 0 0 0 0 0 0 0 0 0 0 0 0 0 0 0 0 0 0 0 
7698 5 -0.921562 0 0.000524498 0.0700348 0.000524498 -0.0700348 -0.00338521 0.0218338 -0.00338521 -0.0218338 0 0 0 0 0 0 0 0 0 0 0 0 0 0 0 0 0 0 0 0 0 0 0 0 0 0 0 0 0 0 
7699 5 -0.921562 0 0.000524498 0.0700348 0.000524498 -0.0700348 -0.00338521 0.0218338 -0.00338521 -0.0218338 0 0 0 0 0 0 0 0 0 0 0 0 0 0 0 0 0 0 0 0 0 0 0 0 0 0 0 0 0 0 
7700 5 -0.921562 0 0.000524498 0.0700348 0.000524498 -0.0700348 -0.00338521 0.0218338 -0.00338521 -0.0218338 0 0 0 0 0 0 0 0 0 0 0 0 0 0 0 0 0 0 0 0 0 0 0 0 0 0 0 0 0 0 
7701 5 -0.921562 0 0.000524498 0.0700348 0.000524498 -0.0700348 -0.00338521 0.0218338 -0.00338521 -0.0218338 0 0 0 0 0 0 0 0 0 0 0 0 0 0 0 0 0 0 0 0 0 0 0 0 0 0 0 0 0 0 
7702 5 -0.921562 0 0.000524498 0.0700348 0.000524498 -0.0700348 -0.00338521 0.0218338 -0.00338521 -0.0218338 0 0 0 0 0 0 0 0 0 0 0 0 0 0 0 0 0 0 0 0 0 0 0 0 0 0 0 0 0 0 
7703 5 -0.921562 0 0.000524498 0.0700348 0.000524498 -0.0700348 -0.00338521 0.0218338 -0.00338521 -0.0218338 0 0 0 0 0 0 0 0 0 0 0 0 0 0 0 0 0 0 0 0 0 0 0 0 0 0 0 0 0 0 
7736 5 -0.93344 0 0.000439544 0.0680683 0.000439544 -0.0680683 -0.00184039 0.0347155 -0.00184039 -0.0347155 0 0 0 0 0 0 0 0 0 0 0 0 0 0 0 0 0 0 0 0 0 0 0 0 0 0 0 0 0 0 
7737 5 -0.93344 0 0.000439544 0.0680683 0.000439544 -0.0680683 -0.00184039 0.0347155 -0.00184039 -0.0347155 0 0 0 0 0 0 0 0 0 0 0 0 0 0 0 0 0 0 0 0 0 0 0 0 0 0 0 0 0 0 
7738 5 -0.93344 0 0.000439544 0.0680683 0.000439544 -0.0680683 -0.00184039 0.0347155 -0.00184039 -0.0347155 0 0 0 0 0 0 0 0 0 0 0 0 0 0 0 0 0 0 0 0 0 0 0 0 0 0 0 0 0 0 
7739 5 -0.93344 0 0.000439544 0.0680683 0.000439544 -0.0680683 -0.00184039 0.0347155 -0.00184039 -0.0347155 0 0 0 0 0 0 0 0 0 0 0 0 0 0 0 0 0 0 0 0 0 0 0 0 0 0 0 0 0 0 
7740 6 -0.759426 0 -0.00866836 0.231235 -0.00866836 -0.231235 0.000161132 0.092706 0.000161132 -0.092706 -0.0230831 0 0 0 0 0 0 0 0 0 0 0 0 0 0 0 0 0 0 0 0 0 0 0 0 0 0 0 0 0 
7741 6 -0.759426 0 -0.00866836 0.231235 -0.00866836 -0.231235 0.000161132 0.092706 0.000161132 -0.092706 -0.0230831 0 0 0 0 0 0 0 0 0 0 0 0 0 0 0 0 0 0 0 0 0 0 0 0 0 0 0 0 0 
7744 7 -0.793077 0 0.00382345 0.187128 0.00382345 -0.187128 -0.0188139 0.0667816 -0.0188139 -0.0667816 -0.000159486 0.0280791 -0.000159486 -0.0280791 0 0 0 0 0 0 0 0 0 0 0 0 0 0 0 0 0 0 0 0 0 0 0 0 0 0 
7745 7 -0.793077 0 0.00382345 0.187128 0.00382345 -0.187128 -0.0188139 0.0667816 -0.0188139 -0.0667816 -0.000159486 0.0280791 -0.000159486 -0.0280791 0 0 0 0 0 0 0 0 0 0 0 0 0 0 0 0 0 0 0 0 0 0 0 0 0 0 
7746 7 -0.793077 0 0.00382345 0.187128 0.00382345 -0.187128 -0.0188139 0.0667816 -0.0188139 -0.0667816 -0.000159486 0.0280791 -0.000159486 -0.0280791 0 0 0 0 0 0 0 0 0 0 0 0 0 0 0 0 0 0 0 0 0 0 0 0 0 0 
7747 7 -0.793077 0 0.00382345 0.187128 0.00382345 -0.187128 -0.0188139 0.0667816 -0.0188139 -0.0667816 -0.000159486 0.0280791 -0.000159486 -0.0280791 0 0 0 0 0 0 0 0 0 0 0 0 0 0 0 0 0 0 0 0 0 0 0 0 0 0 
7748 7 -0.793077 0 0.00382345 0.187128 0.00382345 -0.187128 -0.0188139 0.0667816 -0.0188139 -0.0667816 -0.000159486 0.0280791 -0.000159486 -0.0280791 0 0 0 0 0 0 0 0 0 0 0 0 0 0 0 0 0 0 0 0 0 0 0 0 0 0 
7749 7 -0.793077 0 0.00382345 0.187128 0.00382345 -0.187128 -0.0188139 0.0667816 -0.0188139 -0.0667816 -0.000159486 0.0280791 -0.000159486 -0.0280791 0 0 0 0 0 0 0 0 0 0 0 0 0 0 0 0 0 0 0 0 0 0 0 0 0 0 
7750 7 -0.852058 0 0.00188173 0.127929 0.00188173 -0.127929 -0.00646966 0.0427972 -0.00646966 -0.0427972 -0.00468918 0.0255445 -0.00468918 -0.0255445 0 0 0 0 0 0 0 0 0 0 0 0 0 0 0 0 0 0 0 0 0 0 0 0 0 0 
7751 7 -0.852058 0 0.00188173 0.127929 0.00188173 -0.127929 -0.00646966 0.0427972 -0.00646966 -0.0427972 -0.00468918 0.0255445 -0.00468918 -0.0255445 0 0 0 0 0 0 0 0 0 0 0 0 0 0 0 0 0 0 0 0 0 0 0 0 0 0 
7752 7 -0.852058 0 0.00188173 0.127929 0.00188173 -0.127929 -0.00646966 0.0427972 -0.00646966 -0.0427972 -0.00468918 0.0255445 -0.00468918 -0.0255445 0 0 0 0 0 0 0 0 0 0 0 0 0 0 0 0 0 0 0 0 0 0 0 0 0 0 
7753 7 -0.852058 0 0.00188173 0.127929 0.00188173 -0.127929 -0.00646966 0.0427972 -0.00646966 -0.0427972 -0.00468918 0.0255445 -0.00468918 -0.0255445 0 0 0 0 0 0 0 0 0 0 0 0 0 0 0 0 0 0 0 0 0 0 0 0 0 0 
7754 7 -0.852058 0 0.00188173 0.127929 0.00188173 -0.127929 -0.00646966 0.0427972 -0.00646966 -0.0427972 -0.00468918 0.0255445 -0.00468918 -0.0255445 0 0 0 0 0 0 0 0 0 0 0 0 0 0 0 0 0 0 0 0 0 0 0 0 0 0 
7755 7 -0.852058 0 0.00188173 0.127929 0.00188173 -0.127929 -0.00646966 0.0427972 -0.00646966 -0.0427972 -0.00468918 0.0255445 -0.00468918 -0.0255445 0 0 0 0 0 0 0 0 0 0 0 0 0 0 0 0 0 0 0 0 0 0 0 0 0 0 
7756 7 -0.852058 0 0.00188173 0.127929 0.00188173 -0.127929 -0.00646966 0.0427972 -0.00646966 -0.0427972 -0.00468918 0.0255445 -0.00468918 -0.0255445 0 0 0 0 0 0 0 0 0 0 0 0 0 0 0 0 0 0 0 0 0 0 0 0 0 0 
7757 7 -0.852058 0 0.00188173 0.127929 0.00188173 -0.127929 -0.00646966 0.0427972 -0.00646966 -0.0427972 -0.00468918 0.0255445 -0.00468918 -0.0255445 0 0 0 0 0 0 0 0 0 0 0 0 0 0 0 0 0 0 0 0 0 0 0 0 0 0 
7758 7 -0.852058 0 0.00188173 0.127929 0.00188173 -0.127929 -0.00646966 0.0427972 -0.00646966 -0.0427972 -0.00468918 0.0255445 -0.00468918 -0.0255445 0 0 0 0 0 0 0 0 0 0 0 0 0 0 0 0 0 0 0 0 0 0 0 0 0 0 
7759 7 -0.852058 0 0.00188173 0.127929 0.00188173 -0.127929 -0.00646966 0.0427972 -0.00646966 -0.0427972 -0.00468918 0.0255445 -0.00468918 -0.0255445 0 0 0 0 0 0 0 0 0 0 0 0 0 0 0 0 0 0 0 0 0 0 0 0 0 0 
7760 7 -0.852058 0 0.00188173 0.127929 0.00188173 -0.127929 -0.00646966 0.0427972 -0.00646966 -0.0427972 -0.00468918 0.0255445 -0.00468918 -0.0255445 0 0 0 0 0 0 0 0 0 0 0 0 0 0 0 0 0 0 0 0 0 0 0 0 0 0 
7761 7 -0.852058 0 0.00188173 0.127929 0.00188173 -0.127929 -0.00646966 0.0427972 -0.00646966 -0.0427972 -0.00468918 0.0255445 -0.00468918 -0.0255445 0 0 0 0 0 0 0 0 0 0 0 0 0 0 0 0 0 0 0 0 0 0 0 0 0 0 
7762 7 -0.877028 0 0.000901769 0.127724 0.000901769 -0.127724 -0.00478652 0.0503036 -0.00478652 -0.0503036 -0.000504777 0.0302811 -0.000504777 -0.0302811 0 0 0 0 0 0 0 0 0 0 0 0 0 0 0 0 0 0 0 0 0 0 0 0 0 0 
7763 7 -0.877028 0 0.000901769 0.127724 0.000901769 -0.127724 -0.00478652 0.0503036 -0.00478652 -0.0503036 -0.000504777 0.0302811 -0.000504777 -0.0302811 0 0 0 0 0 0 0 0 0 0 0 0 0 0 0 0 0 0 0 0 0 0 0 0 0 0 
7764 7 -0.877028 0 0.000901769 0.127724 0.000901769 -0.127724 -0.00478652 0.0503036 -0.00478652 -0.0503036 -0.000504777 0.0302811 -0.000504777 -0.0302811 0 0 0 0 0 0 0 0 0 0 0 0 0 0 0 0 0 0 0 0 0 0 0 0 0 0 
7765 7 -0.877028 0 0.000901769 0.127724 0.000901769 -0.127724 -0.00478652 0.0503036 -0.00478652 -0.0503036 -0.000504777 0.0302811 -0.000504777 -0.0302811 0 0 0 0 0 0 0 0 0 0 0 0 0 0 0 0 0 0 0 0 0 0 0 0 0 0 
7817 4 -0.099204 0.22609 -0.099204 -0.22609 0.000762519 0.128613 0.000762519 -0.128613 0 0 0 0 0 0 0 0 0 0 0 0 0 0 0 0 0 0 0 0 0 0 0 0 0 0 0 0 0 0 0 0 
7818 4 -0.099204 0.22609 -0.099204 -0.22609 0.000762519 0.128613 0.000762519 -0.128613 0 0 0 0 0 0 0 0 0 0 0 0 0 0 0 0 0 0 0 0 0 0 0 0 0 0 0 0 0 0 0 0 
7819 4 -0.099204 0.22609 -0.099204 -0.22609 0.000762519 0.128613 0.000762519 -0.128613 0 0 0 0 0 0 0 0 0 0 0 0 0 0 0 0 0 0 0 0 0 0 0 0 0 0 0 0 0 0 0 0 
7820 4 -0.099204 0.22609 -0.099204 -0.22609 0.000762519 0.128613 0.000762519 -0.128613 0 0 0 0 0 0 0 0 0 0 0 0 0 0 0 0 0 0 0 0 0 0 0 0 0 0 0 0 0 0 0 0 
7821 4 -0.099204 0.22609 -0.099204 -0.22609 0.000762519 0.128613 0.000762519 -0.128613 0 0 0 0 0 0 0 0 0 0 0 0 0 0 0 0 0 0 0 0 0 0 0 0 0 0 0 0 0 0 0 0 
7834 5 -0.511562 0 -0.00476841 0.265213 -0.00476841 -0.265213 -0.131456 0 0.00345909 0 0 0 0 0 0 0 0 0 0 0 0 0 0 0 0 0 0 0 0 0 0 0 0 0 0 0 0 0 0 0 
7924 6 -0.3895 0 -0.0251494 0.237257 -0.0251494 -0.237257 1.3429e-05 0.106098 1.3429e-05 -0.106098 -0.0534439 0 0 0 0 0 0 0 0 0 0 0 0 0 0 0 0 0 0 0 0 0 0 0 0 0 0 0 0 0 
7942 7 -0.740092 0 -0.00280895 0.161817 -0.00280895 -0.161817 -0.00436919 0.121299 -0.00436919 -0.121299 0.000123474 0.0393376 0.000123474 -0.0393376 0 0 0 0 0 0 0 0 0 0 0 0 0 0 0 0 0 0 0 0 0 0 0 0 0 0 
7943 7 -0.740092 0 -0.00280895 0.161817 -0.00280895 -0.161817 -0.00436919 0.121299 -0.00436919 -0.121299 0.000123474 0.0393376 0.000123474 -0.0393376 0 0 0 0 0 0 0 0 0 0 0 0 0 0 0 0 0 0 0 0 0 0 0 0 0 0 
7944 7 -0.740092 0 -0.00280895 0.161817 -0.00280895 -0.161817 -0.00436919 0.121299 -0.00436919 -0.121299 0.000123474 0.0393376 0.000123474 -0.0393376 0 0 0 0 0 0 0 0 0 0 0 0 0 0 0 0 0 0 0 0 0 0 0 0 0 0 
7945 7 -0.740092 0 -0.00280895 0.161817 -0.00280895 -0.161817 -0.00436919 0.121299 -0.00436919 -0.121299 0.000123474 0.0393376 0.000123474 -0.0393376 0 0 0 0 0 0 0 0 0 0 0 0 0 0 0 0 0 0 0 0 0 0 0 0 0 0 
7946 7 -0.740092 0 -0.00280895 0.161817 -0.00280895 -0.161817 -0.00436919 0.121299 -0.00436919 -0.121299 0.000123474 0.0393376 0.000123474 -0.0393376 0 0 0 0 0 0 0 0 0 0 0 0 0 0 0 0 0 0 0 0 0 0 0 0 0 0 
7947 7 -0.740092 0 -0.00280895 0.161817 -0.00280895 -0.161817 -0.00436919 0.121299 -0.00436919 -0.121299 0.000123474 0.0393376 0.000123474 -0.0393376 0 0 0 0 0 0 0 0 0 0 0 0 0 0 0 0 0 0 0 0 0 0 0 0 0 0 
7988 7 -0.827462 0 1.76705e-05 0.164042 1.76705e-05 -0.164042 -0.00251982 0.0278281 -0.00251982 -0.0278281 -0.00770848 0.0971096 -0.00770848 -0.0971096 0 0 0 0 0 0 0 0 0 0 0 0 0 0 0 0 0 0 0 0 0 0 0 0 0 0 
8051 4 -0.399468 0 2.30116e-05 0.189623 2.30116e-05 -0.189623 -0.0899592 0 0 0 0 0 0 0 0 0 0 0 0 0 0 0 0 0 0 0 0 0 0 0 0 0 0 0 0 0 0 0 0 0 
8052 4 -0.399468 0 2.30116e-05 0.189623 2.30116e-05 -0.189623 -0.0899592 0 0 0 0 0 0 0 0 0 0 0 0 0 0 0 0 0 0 0 0 0 0 0 0 0 0 0 0 0 0 0 0 0 
8174 4 -0.703425 0 -0.0160126 0.115173 -0.0160126 -0.115173 0.00453429 0 0 0 0 0 0 0 0 0 0 0 0 0 0 0 0 0 0 0 0 0 0 0 0 0 0 0 0 0 0 0 0 0 
8304 7 -0.477564 0 -0.0211561 0.410728 -0.0211561 -0.410728 0.00110225 0.113167 0.00110225 -0.113167 -0.0380118 0.0712924 -0.0380118 -0.0712924 0 0 0 0 0 0 0 0 0 0 0 0 0 0 0 0 0 0 0 0 0 0 0 0 0 0 
8305 8 -0.403625 0 -0.015677 0.40193 -0.015677 -0.40193 0.000467981 0.128251 0.000467981 -0.128251 -0.00751374 0 -0.0454639 0.062292 -0.0454639 -0.062292 0 0 0 0 0 0 0 0 0 0 0 0 0 0 0 0 0 0 0 0 0 0 0 0 
8311 9 -0.57353 0 -0.0123979 0.258699 -0.0123979 -0.258699 -0.00106253 0.125969 -0.00106253 -0.125969 -0.0188352 0.0960678 -0.0188352 -0.0960678 0.00106181 0.00996144 0.00106181 -0.00996144 0 0 0 0 0 0 0 0 0 0 0 0 0 0 0 0 0 0 0 0 0 0 
8311 8 -0.592219 0 -0.00842058 0.299305 -0.00842058 -0.299305 -0.00627342 0.108874 -0.00627342 -0.108874 -0.00779975 0.0843759 -0.00779975 -0.0843759 0.00120863 0 0 0 0 0 0 0 0 0 0 0 0 0 0 0 0 0 0 0 0 0 0 0 0 0 
8326 6 -0.917926 0 0.000606589 0.0752591 0.000606589 -0.0752591 -0.00625675 0 -0.000528322 0.0402502 -0.000528322 -0.0402502 0 0 0 0 0 0 0 0 0 0 0 0 0 0 0 0 0 0 0 0 0 0 0 0 0 0 0 0 
8327 6 -0.917926 0 0.000606589 0.0752591 0.000606589 -0.0752591 -0.00625675 0 -0.000528322 0.0402502 -0.000528322 -0.0402502 0 0 0 0 0 0 0 0 0 0 0 0 0 0 0 0 0 0 0 0 0 0 0 0 0 0 0 0 
8328 6 -0.917926 0 0.000606589 0.0752591 0.000606589 -0.0752591 -0.00625675 0 -0.000528322 0.0402502 -0.000528322 -0.0402502 0 0 0 0 0 0 0 0 0 0 0 0 0 0 0 0 0 0 0 0 0 0 0 0 0 0 0 0 
8329 6 -0.917926 0 0.000606589 0.0752591 0.000606589 -0.0752591 -0.00625675 0 -0.000528322 0.0402502 -0.000528322 -0.0402502 0 0 0 0 0 0 0 0 0 0 0 0 0 0 0 0 0 0 0 0 0 0 0 0 0 0 0 0 
8330 6 -0.917926 0 0.000606589 0.0752591 0.000606589 -0.0752591 -0.00625675 0 -0.000528322 0.0402502 -0.000528322 -0.0402502 0 0 0 0 0 0 0 0 0 0 0 0 0 0 0 0 0 0 0 0 0 0 0 0 0 0 0 0 
8331 6 -0.917926 0 0.000606589 0.0752591 0.000606589 -0.0752591 -0.00625675 0 -0.000528322 0.0402502 -0.000528322 -0.0402502 0 0 0 0 0 0 0 0 0 0 0 0 0 0 0 0 0 0 0 0 0 0 0 0 0 0 0 0 
8332 6 -0.917926 0 0.000606589 0.0752591 0.000606589 -0.0752591 -0.00625675 0 -0.000528322 0.0402502 -0.000528322 -0.0402502 0 0 0 0 0 0 0 0 0 0 0 0 0 0 0 0 0 0 0 0 0 0 0 0 0 0 0 0 
8333 6 -0.917926 0 0.000606589 0.0752591 0.000606589 -0.0752591 -0.00625675 0 -0.000528322 0.0402502 -0.000528322 -0.0402502 0 0 0 0 0 0 0 0 0 0 0 0 0 0 0 0 0 0 0 0 0 0 0 0 0 0 0 0 
8334 6 -0.917926 0 0.000606589 0.0752591 0.000606589 -0.0752591 -0.00625675 0 -0.000528322 0.0402502 -0.000528322 -0.0402502 0 0 0 0 0 0 0 0 0 0 0 0 0 0 0 0 0 0 0 0 0 0 0 0 0 0 0 0 
8335 6 -0.917926 0 0.000606589 0.0752591 0.000606589 -0.0752591 -0.00625675 0 -0.000528322 0.0402502 -0.000528322 -0.0402502 0 0 0 0 0 0 0 0 0 0 0 0 0 0 0 0 0 0 0 0 0 0 0 0 0 0 0 0 
8336 6 -0.917926 0 0.000606589 0.0752591 0.000606589 -0.0752591 -0.00625675 0 -0.000528322 0.0402502 -0.000528322 -0.0402502 0 0 0 0 0 0 0 0 0 0 0 0 0 0 0 0 0 0 0 0 0 0 0 0 0 0 0 0 
8337 6 -0.917926 0 0.000606589 0.0752591 0.000606589 -0.0752591 -0.00625675 0 -0.000528322 0.0402502 -0.000528322 -0.0402502 0 0 0 0 0 0 0 0 0 0 0 0 0 0 0 0 0 0 0 0 0 0 0 0 0 0 0 0 
8514 6 -0.281332 0 -0.109467 0.153636 -0.109467 -0.153636 -0.0358103 0 0.000206357 0.0141985 0.000206357 -0.0141985 0 0 0 0 0 0 0 0 0 0 0 0 0 0 0 0 0 0 0 0 0 0 0 0 0 0 0 0 
8542 4 -0.742626 0 -0.00715558 0.162392 -0.00715558 -0.162392 0.00834216 0 0 0 0 0 0 0 0 0 0 0 0 0 0 0 0 0 0 0 0 0 0 0 0 0 0 0 0 0 0 0 0 0 
8776 5 -0.594407 0 -0.00717367 0.175798 -0.00717367 -0.175798 0.000540145 0.0533062 0.000540145 -0.0533062 0 0 0 0 0 0 0 0 0 0 0 0 0 0 0 0 0 0 0 0 0 0 0 0 0 0 0 0 0 0 
8777 5 -0.594407 0 -0.00717367 0.175798 -0.00717367 -0.175798 0.000540145 0.0533062 0.000540145 -0.0533062 0 0 0 0 0 0 0 0 0 0 0 0 0 0 0 0 0 0 0 0 0 0 0 0 0 0 0 0 0 0 
8778 5 -0.594407 0 -0.00717367 0.175798 -0.00717367 -0.175798 0.000540145 0.0533062 0.000540145 -0.0533062 0 0 0 0 0 0 0 0 0 0 0 0 0 0 0 0 0 0 0 0 0 0 0 0 0 0 0 0 0 0 
8779 5 -0.594407 0 -0.00717367 0.175798 -0.00717367 -0.175798 0.000540145 0.0533062 0.000540145 -0.0533062 0 0 0 0 0 0 0 0 0 0 0 0 0 0 0 0 0 0 0 0 0 0 0 0 0 0 0 0 0 0 
8780 5 -0.594407 0 -0.00717367 0.175798 -0.00717367 -0.175798 0.000540145 0.0533062 0.000540145 -0.0533062 0 0 0 0 0 0 0 0 0 0 0 0 0 0 0 0 0 0 0 0 0 0 0 0 0 0 0 0 0 0 
8781 5 -0.594407 0 -0.00717367 0.175798 -0.00717367 -0.175798 0.000540145 0.0533062 0.000540145 -0.0533062 0 0 0 0 0 0 0 0 0 0 0 0 0 0 0 0 0 0 0 0 0 0 0 0 0 0 0 0 0 0 
8791 5 -0.666083 0 -0.00506024 0.15977 -0.00506024 -0.15977 0.000657723 0.0443672 0.000657723 -0.0443672 0 0 0 0 0 0 0 0 0 0 0 0 0 0 0 0 0 0 0 0 0 0 0 0 0 0 0 0 0 0 
8792 5 -0.666083 0 -0.00506024 0.15977 -0.00506024 -0.15977 0.000657723 0.0443672 0.000657723 -0.0443672 0 0 0 0 0 0 0 0 0 0 0 0 0 0 0 0 0 0 0 0 0 0 0 0 0 0 0 0 0 0 
8869 4 -0.600687 0 -0.0225849 0.217393 -0.0225849 -0.217393 0.0101429 0 0 0 0 0 0 0 0 0 0 0 0 0 0 0 0 0 0 0 0 0 0 0 0 0 0 0 0 0 0 0 0 0 
8973 6 -0.649164 0 -0.0517513 0 -0.0278626 0.123796 -0.0278626 -0.123796 0.000436402 0.0970762 0.000436402 -0.0970762 0 0 0 0 0 0 0 0 0 0 0 0 0 0 0 0 0 0 0 0 0 0 0 0 0 0 0 0 
8974 7 -0.674448 0 -0.0276268 0.125526 -0.0276268 -0.125526 0.000586253 0.0957167 0.000586253 -0.0957167 -0.0201197 0.0124145 -0.0201197 -0.0124145 0 0 0 0 0 0 0 0 0 0 0 0 0 0 0 0 0 0 0 0 0 0 0 0 0 0 
8997 7 -0.786634 0 -0.0125344 0.136164 -0.0125344 -0.136164 -0.00608679 0.0526149 -0.00608679 -0.0526149 0.000239816 0.00704652 0.000239816 -0.00704652 0 0 0 0 0 0 0 0 0 0 0 0 0 0 0 0 0 0 0 0 0 0 0 0 0 0 
8998 7 -0.786634 0 -0.0125344 0.136164 -0.0125344 -0.136164 -0.00608679 0.0526149 -0.00608679 -0.0526149 0.000239816 0.00704652 0.000239816 -0.00704652 0 0 0 0 0 0 0 0 0 0 0 0 0 0 0 0 0 0 0 0 0 0 0 0 0 0 
8999 7 -0.786634 0 -0.0125344 0.136164 -0.0125344 -0.136164 -0.00608679 0.0526149 -0.00608679 -0.0526149 0.000239816 0.00704652 0.000239816 -0.00704652 0 0 0 0 0 0 0 0 0 0 0 0 0 0 0 0 0 0 0 0 0 0 0 0 0 0 
9000 7 -0.786634 0 -0.0125344 0.136164 -0.0125344 -0.136164 -0.00608679 0.0526149 -0.00608679 -0.0526149 0.000239816 0.00704652 0.000239816 -0.00704652 0 0 0 0 0 0 0 0 0 0 0 0 0 0 0 0 0 0 0 0 0 0 0 0 0 0 
9001 7 -0.786634 0 -0.0125344 0.136164 -0.0125344 -0.136164 -0.00608679 0.0526149 -0.00608679 -0.0526149 0.000239816 0.00704652 0.000239816 -0.00704652 0 0 0 0 0 0 0 0 0 0 0 0 0 0 0 0 0 0 0 0 0 0 0 0 0 0 
9002 7 -0.786634 0 -0.0125344 0.136164 -0.0125344 -0.136164 -0.00608679 0.0526149 -0.00608679 -0.0526149 0.000239816 0.00704652 0.000239816 -0.00704652 0 0 0 0 0 0 0 0 0 0 0 0 0 0 0 0 0 0 0 0 0 0 0 0 0 0 
9012 7 -0.870007 0 -0.00694093 0.121723 -0.00694093 -0.121723 0.000139308 0.0762306 0.000139308 -0.0762306 -0.00584213 0.0332368 -0.00584213 -0.0332368 0 0 0 0 0 0 0 0 0 0 0 0 0 0 0 0 0 0 0 0 0 0 0 0 0 0 
9013 7 -0.870007 0 -0.00694093 0.121723 -0.00694093 -0.121723 0.000139308 0.0762306 0.000139308 -0.0762306 -0.00584213 0.0332368 -0.00584213 -0.0332368 0 0 0 0 0 0 0 0 0 0 0 0 0 0 0 0 0 0 0 0 0 0 0 0 0 0 
9016 7 -0.88895 0 -0.00355404 0.104579 -0.00355404 -0.104579 0.000351503 0.0687828 0.000351503 -0.0687828 -0.0037788 0.0375931 -0.0037788 -0.0375931 0 0 0 0 0 0 0 0 0 0 0 0 0 0 0 0 0 0 0 0 0 0 0 0 0 0 
9017 7 -0.88895 0 -0.00355404 0.104579 -0.00355404 -0.104579 0.000351503 0.0687828 0.000351503 -0.0687828 -0.0037788 0.0375931 -0.0037788 -0.0375931 0 0 0 0 0 0 0 0 0 0 0 0 0 0 0 0 0 0 0 0 0 0 0 0 0 0 
9018 7 -0.88895 0 -0.00355404 0.104579 -0.00355404 -0.104579 0.000351503 0.0687828 0.000351503 -0.0687828 -0.0037788 0.0375931 -0.0037788 -0.0375931 0 0 0 0 0 0 0 0 0 0 0 0 0 0 0 0 0 0 0 0 0 0 0 0 0 0 
9019 7 -0.939886 0 0.000132632 0.0792733 0.000132632 -0.0792733 -0.000215092 0.0567058 -0.000215092 -0.0567058 -0.00257272 0.0244222 -0.00257272 -0.0244222 0 0 0 0 0 0 0 0 0 0 0 0 0 0 0 0 0 0 0 0 0 0 0 0 0 0 
9020 7 -0.939886 0 0.000132632 0.0792733 0.000132632 -0.0792733 -0.000215092 0.0567058 -0.000215092 -0.0567058 -0.00257272 0.0244222 -0.00257272 -0.0244222 0 0 0 0 0 0 0 0 0 0 0 0 0 0 0 0 0 0 0 0 0 0 0 0 0 0 
9021 7 -0.939886 0 0.000132632 0.0792733 0.000132632 -0.0792733 -0.000215092 0.0567058 -0.000215092 -0.0567058 -0.00257272 0.0244222 -0.00257272 -0.0244222 0 0 0 0 0 0 0 0 0 0 0 0 0 0 0 0 0 0 0 0 0 0 0 0 0 0 
9022 7 -0.939886 0 0.000132632 0.0792733 0.000132632 -0.0792733 -0.000215092 0.0567058 -0.000215092 -0.0567058 -0.00257272 0.0244222 -0.00257272 -0.0244222 0 0 0 0 0 0 0 0 0 0 0 0 0 0 0 0 0 0 0 0 0 0 0 0 0 0 
9023 7 -0.939886 0 0.000132632 0.0792733 0.000132632 -0.0792733 -0.000215092 0.0567058 -0.000215092 -0.0567058 -0.00257272 0.0244222 -0.00257272 -0.0244222 0 0 0 0 0 0 0 0 0 0 0 0 0 0 0 0 0 0 0 0 0 0 0 0 0 0 
9024 7 -0.939886 0 0.000132632 0.0792733 0.000132632 -0.0792733 -0.000215092 0.0567058 -0.000215092 -0.0567058 -0.00257272 0.0244222 -0.00257272 -0.0244222 0 0 0 0 0 0 0 0 0 0 0 0 0 0 0 0 0 0 0 0 0 0 0 0 0 0 
9025 7 -0.939886 0 0.000132632 0.0792733 0.000132632 -0.0792733 -0.000215092 0.0567058 -0.000215092 -0.0567058 -0.00257272 0.0244222 -0.00257272 -0.0244222 0 0 0 0 0 0 0 0 0 0 0 0 0 0 0 0 0 0 0 0 0 0 0 0 0 0 
9026 7 -0.939886 0 0.000132632 0.0792733 0.000132632 -0.0792733 -0.000215092 0.0567058 -0.000215092 -0.0567058 -0.00257272 0.0244222 -0.00257272 -0.0244222 0 0 0 0 0 0 0 0 0 0 0 0 0 0 0 0 0 0 0 0 0 0 0 0 0 0 
9102 5 -0.892519 0 0.00108627 0.153504 0.00108627 -0.153504 -0.0078384 0.0422829 -0.0078384 -0.0422829 0 0 0 0 0 0 0 0 0 0 0 0 0 0 0 0 0 0 0 0 0 0 0 0 0 0 0 0 0 0 
9302 8 -0.815161 0 -0.00568216 0.17952 -0.00568216 -0.17952 -0.0124402 0 0.000107534 0.0669429 0.000107534 -0.0669429 -0.000264817 0.0483612 -0.000264817 -0.0483612 0 0 0 0 0 0 0 0 0 0 0 0 0 0 0 0 0 0 0 0 0 0 0 0 
9303 9 -0.820013 0 -0.00481941 0.174142 -0.00481941 -0.174142 6.7487e-05 0.0660406 6.7487e-05 -0.0660406 -0.000334613 0.0478094 -0.000334613 -0.0478094 -0.00612759 0.00471111 -0.00612759 -0.00471111 0 0 0 0 0 0 0 0 0 0 0 0 0 0 0 0 0 0 0 0 0 0 
9304 9 -0.820013 0 -0.00481941 0.174142 -0.00481941 -0.174142 6.7487e-05 0.0660406 6.7487e-05 -0.0660406 -0.000334613 0.0478094 -0.000334613 -0.0478094 -0.00612759 0.00471111 -0.00612759 -0.00471111 0 0 0 0 0 0 0 0 0 0 0 0 0 0 0 0 0 0 0 0 0 0 
9407 4 -0.761352 0 -0.00357234 0.119796 -0.00357234 -0.119796 3.14347e-05 0 0 0 0 0 0 0 0 0 0 0 0 0 0 0 0 0 0 0 0 0 0 0 0 0 0 0 0 0 0 0 0 0 
9408 4 -0.761352 0 -0.00357234 0.119796 -0.00357234 -0.119796 3.14347e-05 0 0 0 0 0 0 0 0 0 0 0 0 0 0 0 0 0 0 0 0 0 0 0 0 0 0 0 0 0 0 0 0 0 
9453 4 -0.847964 0 0.000984355 0.121403 0.000984355 -0.121403 -0.0213851 0 0 0 0 0 0 0 0 0 0 0 0 0 0 0 0 0 0 0 0 0 0 0 0 0 0 0 0 0 0 0 0 0 
9454 4 -0.847964 0 0.000984355 0.121403 0.000984355 -0.121403 -0.0213851 0 0 0 0 0 0 0 0 0 0 0 0 0 0 0 0 0 0 0 0 0 0 0 0 0 0 0 0 0 0 0 0 0 
9538 7 -0.892771 0 -0.00430888 0.0832105 -0.00430888 -0.0832105 6.14995e-05 0.0316655 6.14995e-05 -0.0316655 -0.000443735 0.0189207 -0.000443735 -0.0189207 0 0 0 0 0 0 0 0 0 0 0 0 0 0 0 0 0 0 0 0 0 0 0 0 0 0 
9539 7 -0.892771 0 -0.00430888 0.0832105 -0.00430888 -0.0832105 6.14995e-05 0.0316655 6.14995e-05 -0.0316655 -0.000443735 0.0189207 -0.000443735 -0.0189207 0 0 0 0 0 0 0 0 0 0 0 0 0 0 0 0 0 0 0 0 0 0 0 0 0 0 
9727 6 -0.533008 0 -0.0221981 0.228375 -0.0221981 -0.228375 0.000302387 0.130402 0.000302387 -0.130402 -0.0203207 0 0 0 0 0 0 0 0 0 0 0 0 0 0 0 0 0 0 0 0 0 0 0 0 0 0 0 0 0 
9728 5 -0.592481 0 -0.0161561 0.229904 -0.0161561 -0.229904 0.00107738 0.0446507 0.00107738 -0.0446507 0 0 0 0 0 0 0 0 0 0 0 0 0 0 0 0 0 0 0 0 0 0 0 0 0 0 0 0 0 0 
9729 5 -0.592481 0 -0.0161561 0.229904 -0.0161561 -0.229904 0.00107738 0.0446507 0.00107738 -0.0446507 0 0 0 0 0 0 0 0 0 0 0 0 0 0 0 0 0 0 0 0 0 0 0 0 0 0 0 0 0 0 
9730 5 -0.592481 0 -0.0161561 0.229904 -0.0161561 -0.229904 0.00107738 0.0446507 0.00107738 -0.0446507 0 0 0 0 0 0 0 0 0 0 0 0 0 0 0 0 0 0 0 0 0 0 0 0 0 0 0 0 0 0 
9731 5 -0.592481 0 -0.0161561 0.229904 -0.0161561 -0.229904 0.00107738 0.0446507 0.00107738 -0.0446507 0 0 0 0 0 0 0 0 0 0 0 0 0 0 0 0 0 0 0 0 0 0 0 0 0 0 0 0 0 0 
9732 5 -0.592481 0 -0.0161561 0.229904 -0.0161561 -0.229904 0.00107738 0.0446507 0.00107738 -0.0446507 0 0 0 0 0 0 0 0 0 0 0 0 0 0 0 0 0 0 0 0 0 0 0 0 0 0 0 0 0 0 
9733 5 -0.592481 0 -0.0161561 0.229904 -0.0161561 -0.229904 0.00107738 0.0446507 0.00107738 -0.0446507 0 0 0 0 0 0 0 0 0 0 0 0 0 0 0 0 0 0 0 0 0 0 0 0 0 0 0 0 0 0 
9734 5 -0.592481 0 -0.0161561 0.229904 -0.0161561 -0.229904 0.00107738 0.0446507 0.00107738 -0.0446507 0 0 0 0 0 0 0 0 0 0 0 0 0 0 0 0 0 0 0 0 0 0 0 0 0 0 0 0 0 0 
